Heuristic still looking.
Heuristic still looking.
*     0+    0                      1896165.0000  1921475.3333             1.33%
      0     0        cutoff        1896165.0000  1921475.3333    22711    1.33%
      0     2  1921475.3333  1362  1896165.0000  1921475.3333    22711    1.33%
Elapsed time = 212.78 sec. (155370.13 ticks, tree = 0.02 MB, solutions = 2)
      1     3  1921475.3333  1340  1896165.0000  1921475.3333    22874    1.33%
      2     3  1921475.3333  1216  1896165.0000  1921475.3333    25471    1.33%
      3     4  1921475.3333  1282  1896165.0000  1921475.3333    24878    1.33%
      4     6  1921475.3333  1269  1896165.0000  1921475.3333    27684    1.33%
      5     4  1921475.3333  1343  1896165.0000  1921475.3333    22908    1.33%
      6     5  1921475.3333  1100  1896165.0000  1921475.3333    27391    1.33%
      7     7  1921475.3333  1235  1896165.0000  1921475.3333    28997    1.33%
      9     9  1921475.3333  1166  1896165.0000  1921475.3333    32642    1.33%
     10     6  1921475.3333  1153  1896165.0000  1921475.3333    31539    1.33%
     11     8  1921475.3333  1380  1896165.0000  1921475.3333    31829    1.33%
Elapsed time = 452.23 sec. (211426.69 ticks, tree = 0.70 MB, solutions = 2)
     12     5  1921475.3333  1092  1896165.0000  1921475.3333    27360    1.33%
     13    10  1921475.3333  1307  1896165.0000  1921475.3333    34212    1.33%
     14    11  1921475.3333  1303  1896165.0000  1921475.3333    35393    1.33%
     15    12  1921475.3333  1177  1896165.0000  1921475.3333    36930    1.33%
     16    13  1921475.3333  1213  1896165.0000  1921475.3333    41926    1.33%
     17    15  1921475.3333  1206  1896165.0000  1921475.3333    48895    1.33%
     18    14  1921475.3333  1265  1896165.0000  1921475.3333    45870    1.33%
     19    16  1921475.3333  1051  1896165.0000  1921475.3333    50287    1.33%
     20    17  1921475.3333  1274  1896165.0000  1921475.3333    54155    1.33%
     21    18  1921475.3333  1164  1896165.0000  1921475.3333    56522    1.33%
Elapsed time = 744.20 sec. (275580.49 ticks, tree = 4.35 MB, solutions = 2)
     22    19  1921475.3333  1162  1896165.0000  1921475.3333    59066    1.33%
     23    21  1921475.3333  1191  1896165.0000  1921475.3333    66432    1.33%
     24    22  1921475.3333  1013  1896165.0000  1921475.3333    67882    1.33%
     25    23  1921475.3333  1173  1896165.0000  1921475.3333    70199    1.33%
     26    20  1921475.3333  1166  1896165.0000  1921475.3333    64820    1.33%
     27    25  1921475.3333  1088  1896165.0000  1921475.3333    75239    1.33%
     28    26  1921475.3333  1044  1896165.0000  1921475.3333    77022    1.33%
     29    27  1921475.3333   907  1896165.0000  1921475.3333    79206    1.33%
     31    30  1921475.3333  1065  1896165.0000  1921475.3333    85452    1.33%
     32    31  1921475.3333  1029  1896165.0000  1921475.3333    86264    1.33%
Elapsed time = 1026.86 sec. (354668.94 ticks, tree = 7.42 MB, solutions = 2)
     33    29  1921475.3333  1124  1896165.0000  1921475.3333    87115    1.33%
     35    32  1921475.3333   801  1896165.0000  1921475.3333    87890    1.33%
     36    38  1921475.3333   773  1896165.0000  1921475.3333   108410    1.33%
     37    39  1921475.3333   746  1896165.0000  1921475.3333   108788    1.33%
     38    33  1921475.3333  1005  1896165.0000  1921475.3333    89955    1.33%
     39    40  1921475.3333   727  1896165.0000  1921475.3333   109513    1.33%
     40    35  1921475.3333  1039  1896165.0000  1921475.3333    90095    1.33%
     42    39  1921475.3333   931  1896165.0000  1921475.3333   110896    1.33%
     44    40  1921475.3333   989  1896165.0000  1921475.3333   111501    1.33%
     45    42  1921475.3333   686  1896165.0000  1921475.3333   110557    1.33%
Elapsed time = 1141.53 sec. (385532.34 ticks, tree = 13.70 MB, solutions = 2)
     47    43  1921475.3333   670  1896165.0000  1921475.3333   110835    1.33%
     50    41  1921475.3333   806  1896165.0000  1921475.3333   112127    1.33%
     51    44  1921475.3333   606  1896165.0000  1921475.3333   111286    1.33%
     53    45  1921475.3333   543  1896165.0000  1921475.3333   111515    1.33%
     54    42  1921475.3333   904  1896165.0000  1921475.3333   112978    1.33%
     57    42  1921475.3333   991  1896165.0000  1921475.3333   113706    1.33%
     59    47  1921475.3333   574  1896165.0000  1921475.3333   112206    1.33%
     60    43  1921432.2500   938  1896165.0000  1921475.3333   114112    1.33%
     64    43  1921475.3333   921  1896165.0000  1921475.3333   114178    1.33%
     65    44  1921475.3333   996  1896165.0000  1921475.3333   115852    1.33%
Elapsed time = 1216.91 sec. (401519.34 ticks, tree = 12.84 MB, solutions = 2)
     67    55  1921475.3333   523  1896165.0000  1921475.3333   120059    1.33%
     68    44  1921432.2500   857  1896165.0000  1921475.3333   115017    1.33%
     71    56  1921475.3333   526  1896165.0000  1921475.3333   120581    1.33%
     74    45  1921475.3333   682  1896165.0000  1921475.3333   114345    1.33%
     76    46  1921432.2500   764  1896165.0000  1921475.3333   115352    1.33%
     77    62  1921475.3333   663  1896165.0000  1921475.3333   124268    1.33%
     79    46  1921475.3333   651  1896165.0000  1921475.3333   115128    1.33%
     81    63  1921475.3333   638  1896165.0000  1921475.3333   124512    1.33%
     82    58  1921475.3333   531  1896165.0000  1921475.3333   121792    1.33%
     84    47  1921475.3333   631  1896165.0000  1921475.3333   115853    1.33%
Elapsed time = 1295.42 sec. (415326.45 ticks, tree = 16.07 MB, solutions = 2)
     86    49  1921432.2500   611  1896165.0000  1921475.3333   116412    1.33%
     88    59  1921475.3333   532  1896165.0000  1921475.3333   122396    1.33%
     91    71  1921475.3333   597  1896165.0000  1921475.3333   129006    1.33%
     93    52  1921432.2500   545  1896165.0000  1921475.3333   117086    1.33%
     96    72  1921475.3333   613  1896165.0000  1921475.3333   129498    1.33%
     98    81  1921432.2500   527  1896165.0000  1921475.3333   132800    1.33%
    100    61  1921290.3333   531  1896165.0000  1921475.3333   123756    1.33%
    102    47  1921475.3333   850  1896165.0000  1921475.3333   122705    1.33%
    104    88  1921432.2500   479  1896165.0000  1921475.3333   137231    1.33%
    105    92  1921475.3333   766  1896165.0000  1921475.3333   144739    1.33%
Elapsed time = 1372.95 sec. (430576.74 ticks, tree = 36.37 MB, solutions = 2)
    107    90  1921432.2500   492  1896165.0000  1921475.3333   138258    1.33%
    110    93  1921475.3333   725  1896165.0000  1921475.3333   145051    1.33%
    112    92  1921432.2500   490  1896165.0000  1921475.3333   139163    1.33%
    114    95  1921475.3333   878  1896165.0000  1921475.3333   147178    1.33%
    116    93  1921432.2500   456  1896165.0000  1921475.3333   139513    1.33%
    118    72  1921290.3333   545  1896165.0000  1921475.3333   129042    1.33%
    120    96  1921475.3333   795  1896165.0000  1921475.3333   147619    1.33%
    124    95  1921475.3333   761  1896165.0000  1921475.3333   146468    1.33%
    125    96  1921432.2500   477  1896165.0000  1921475.3333   140998    1.33%
    126    75  1921432.2500   478  1896165.0000  1921475.3333   130186    1.33%
Elapsed time = 1463.16 sec. (446018.12 ticks, tree = 35.63 MB, solutions = 2)
    128    97  1921475.3333   767  1896165.0000  1921475.3333   148287    1.33%
    131    97  1921475.3333   698  1896165.0000  1921475.3333   147162    1.33%
    133    98  1921475.3333   644  1896165.0000  1921475.3333   147290    1.33%
    137    99  1921432.2500   428  1896165.0000  1921475.3333   142790    1.33%
    139   100  1921475.3333   645  1896165.0000  1921475.3333   149119    1.33%
    141   101  1921432.2500   439  1896165.0000  1921475.3333   143568    1.33%
    142   102  1921432.2500   393  1896165.0000  1921475.3333   143861    1.33%
    143    99  1921475.3333   616  1896165.0000  1921475.3333   149004    1.33%
    147   100  1921475.3333   606  1896165.0000  1921475.3333   149318    1.33%
    148   111  1921432.2500   389  1896165.0000  1921475.3333   154263    1.33%
Elapsed time = 1540.83 sec. (462487.66 ticks, tree = 48.28 MB, solutions = 2)
    150   112  1921432.2500   406  1896165.0000  1921475.3333   154739    1.33%
    152   121  1921290.3333   572  1896165.0000  1921475.3333   159129    1.33%
    153   113  1921432.2500   410  1896165.0000  1921475.3333   155376    1.33%
    155   114  1921432.2500   389  1896165.0000  1921475.3333   155706    1.33%
    156   122  1920877.2500   591  1896165.0000  1921475.3333   159739    1.33%
    157   115  1921432.2500   392  1896165.0000  1921475.3333   156183    1.33%
    160   116  1921432.2500   376  1896165.0000  1921475.3333   156533    1.33%
    161   124  1921290.3333   459  1896165.0000  1921475.3333   160343    1.33%
    163   125  1921290.3333   475  1896165.0000  1921475.3333   160695    1.33%
    169   121  1921432.2500   370  1896165.0000  1921475.3333   158211    1.33%
Elapsed time = 1618.22 sec. (479716.70 ticks, tree = 56.16 MB, solutions = 2)
    177   133  1921432.2500   488  1896165.0000  1921475.3333   164213    1.33%
    187   127  1921432.2500   316  1896165.0000  1921475.3333   160257    1.33%
    198   137  1921432.2500   467  1896165.0000  1921475.3333   166046    1.33%
    203   161  1920854.2500   515  1896165.0000  1921475.3333   176054    1.33%
    210   185  1921432.2500   397  1896165.0000  1921475.3333   184674    1.33%
    221   143  1921432.2500   448  1896165.0000  1921475.3333   168275    1.33%
    230   168  1920854.2500   400  1896165.0000  1921475.3333   178846    1.33%
    243   150  1921432.2500   402  1896165.0000  1921475.3333   170445    1.33%
    251   173  1920854.2500   434  1896165.0000  1921475.3333   180590    1.33%
    259   190  1920854.2500   476  1896165.0000  1921475.3333   187302    1.33%
Elapsed time = 1781.25 sec. (521539.19 ticks, tree = 85.21 MB, solutions = 2)
    269   232  1921294.5556   292  1896165.0000  1921475.3333   201094    1.33%
*   284+  132                      1920622.0000  1921475.3333             0.04%
    285   235  1920547.0000   295  1920622.0000  1921475.3333   202310    0.04%
    299   247  1921475.3333   527  1920622.0000  1921475.3333   214733    0.04%
    311   218  1921432.2500   319  1920622.0000  1921475.3333   196384    0.04%
    321   202  1920854.2500   441  1920622.0000  1921475.3333   191778    0.04%
    330   224  1921204.5714   300  1920622.0000  1921475.3333   197950    0.04%
    340   251  1920845.0909   491  1920622.0000  1921475.3333   217904    0.04%
    351   231  1921204.5714   310  1920622.0000  1921475.3333   199690    0.04%
    362   244  1920407.4444   290  1920622.0000  1921475.3333   204616    0.04%
    370   280  1920854.2500   376  1920622.0000  1921475.3333   225273    0.04%
Elapsed time = 1947.28 sec. (563109.21 ticks, tree = 150.44 MB, solutions = 3)
    380   272  1920997.7273   385  1920622.0000  1921475.3333   230578    0.04%
    389   273  1921280.8000   444  1920622.0000  1921475.3333   226991    0.04%
    399   287  1920695.1818   369  1920622.0000  1921475.3333   227893    0.04%
    407   274  1921475.3333   516  1920622.0000  1921475.3333   232796    0.04%
    422   323  1920854.2500   378  1920622.0000  1921475.3333   249846    0.04%
    435   277  1921475.3333   541  1920622.0000  1921475.3333   232070    0.04%
    446   287  1921290.3333   470  1920622.0000  1921475.3333   240651    0.04%
    460   280  1921475.3333   532  1920622.0000  1921475.3333   236451    0.04%
    469   282  1921290.3333   464  1920622.0000  1921475.3333   236928    0.04%
    481   327  1921204.5714   201  1920622.0000  1921475.3333   249088    0.04%
Elapsed time = 2116.95 sec. (605716.55 ticks, tree = 183.55 MB, solutions = 3)
    492   332  1921204.5714   199  1920622.0000  1921475.3333   250134    0.04%
    506   293  1921258.2727   453  1920622.0000  1921475.3333   244137    0.04%
    518   370  1920877.2500   448  1920622.0000  1921475.3333   270575    0.04%
    533   387  1921475.3333   494  1920622.0000  1921475.3333   282967    0.04%
    543   354  1921280.8000   512  1920622.0000  1921475.3333   262644    0.04%
    556   391  1921432.2500   443  1920622.0000  1921475.3333   285081    0.04%
    575   379  1921280.8000   456  1920622.0000  1921475.3333   275309    0.04%
    588   383  1920877.2500   386  1920622.0000  1921475.3333   275882    0.04%
    603   385  1920877.2500   349  1920622.0000  1921475.3333   276883    0.04%
    613   458  1920854.2500   369  1920622.0000  1921475.3333   305853    0.04%
Elapsed time = 2284.77 sec. (647813.11 ticks, tree = 277.38 MB, solutions = 3)
    626   432  1921282.6667   498  1920622.0000  1921475.3333   295878    0.04%
    637   463  1920854.2500   324  1920622.0000  1921475.3333   307582    0.04%
    645   465  1920854.2500   311  1920622.0000  1921475.3333   308372    0.04%
    652   469  1920854.2500   307  1920622.0000  1921475.3333   309514    0.04%
    661   472  1920854.2500   323  1920622.0000  1921475.3333   310392    0.04%
    669   484  1921475.3333   511  1920622.0000  1921475.3333   318975    0.04%
    677   486  1921432.2500   491  1920622.0000  1921475.3333   319665    0.04%
    684   489  1921432.2500   459  1920622.0000  1921475.3333   320823    0.04%
    691   527  1921432.2500   428  1920622.0000  1921475.3333   341751    0.04%
    698   493  1921432.2500   446  1920622.0000  1921475.3333   322591    0.04%
Elapsed time = 2452.69 sec. (690833.89 ticks, tree = 301.09 MB, solutions = 3)
    709   506  1921282.6667   725  1920622.0000  1921475.3333   336273    0.04%
    720   507  1920845.0909   688  1920622.0000  1921475.3333   336616    0.04%
    730   536  1920875.3333   302  1920622.0000  1921475.3333   344356    0.04%
    739   535  1920875.3333   319  1920622.0000  1921475.3333   345841    0.04%
    747   540  1920776.6250   476  1920622.0000  1921475.3333   343777    0.04%
    753   508  1921475.3333   859  1920622.0000  1921475.3333   341078    0.04%
    760   511  1921475.3333   738  1920622.0000  1921475.3333   341482    0.04%
    767   560  1921290.3333   693  1920622.0000  1921475.3333   362951    0.04%
    773   550  1920776.6250   463  1920622.0000  1921475.3333   347074    0.04%
    780   563  1921258.2727   561  1920622.0000  1921475.3333   363701    0.04%
Elapsed time = 2646.70 sec. (735213.14 ticks, tree = 352.34 MB, solutions = 3)
    786   591  1921475.3333   734  1920622.0000  1921475.3333   382492    0.04%
    791   617  1920776.6250   576  1920622.0000  1921475.3333   394191    0.04%
    797   620  1920776.6250   511  1920622.0000  1921475.3333   394983    0.04%
    806   623  1920776.6250   485  1920622.0000  1921475.3333   395736    0.04%
    813   644  1921282.6667   484  1920622.0000  1921475.3333   429979    0.04%
    823   627  1920776.6250   449  1920622.0000  1921475.3333   397355    0.04%
    836   630  1920776.6250   385  1920622.0000  1921475.3333   398381    0.04%
    845   641  1921282.6667   605  1920622.0000  1921475.3333   426084    0.04%
    851   672  1921280.8000   427  1920622.0000  1921475.3333   455793    0.04%
    858   671  1920845.0909   379  1920622.0000  1921475.3333   456440    0.04%
Elapsed time = 2831.80 sec. (778305.10 ticks, tree = 434.10 MB, solutions = 3)
    865   703  1920776.6250   322  1920622.0000  1921475.3333   469225    0.04%
    870   706  1920776.6250   296  1920622.0000  1921475.3333   470120    0.04%
    878   712  1920776.6250   262  1920622.0000  1921475.3333   471136    0.04%
    885   715  1920776.6250   269  1920622.0000  1921475.3333   472050    0.04%
    894   721  1920776.6250   242  1920622.0000  1921475.3333   473054    0.04%
    902   724  1920776.6250   241  1920622.0000  1921475.3333   473873    0.04%
    908   729  1920776.6250   219  1920622.0000  1921475.3333   475279    0.04%
    916   733  1920776.6250   206  1920622.0000  1921475.3333   476395    0.04%
    926   680  1921258.2727   537  1920622.0000  1921475.3333   464396    0.04%
    932   679  1920845.0909   538  1920622.0000  1921475.3333   465297    0.04%
Elapsed time = 3011.84 sec. (818937.21 ticks, tree = 441.31 MB, solutions = 3)
    940   729  1921475.3333   673  1920622.0000  1921475.3333   509084    0.04%
    945   732  1921280.8000   566  1920622.0000  1921475.3333   509599    0.04%
    950   731  1920845.0909   552  1920622.0000  1921475.3333   510090    0.04%
    954   715  1921475.3333   744  1920622.0000  1921475.3333   498085    0.04%
    957   732  1921475.3333   794  1920622.0000  1921475.3333   519727    0.04%
    959   722  1921475.3333   910  1920622.0000  1921475.3333   508693    0.04%
    962   733  1921290.3333   658  1920622.0000  1921475.3333   522070    0.04%
    965   733  1921475.3333   833  1920622.0000  1921475.3333   514846    0.04%
    968   735  1921258.2727   523  1920622.0000  1921475.3333   523583    0.04%
    972   734  1921475.3333   794  1920622.0000  1921475.3333   516118    0.04%
Elapsed time = 3242.08 sec. (868612.14 ticks, tree = 482.88 MB, solutions = 3)
    973   734  1921475.3333   842  1920622.0000  1921475.3333   524573    0.04%
    975   799  1921475.3333   829  1920622.0000  1921475.3333   573489    0.04%
    977   739  1921290.3333   767  1920622.0000  1921475.3333   528251    0.04%
    980   735  1921475.3333   785  1920622.0000  1921475.3333   526709    0.04%
    982   741  1921290.3333   598  1920622.0000  1921475.3333   529525    0.04%
    986   801  1921475.3333   705  1920622.0000  1921475.3333   576397    0.04%
    990   802  1921475.3333   779  1920622.0000  1921475.3333   584637    0.04%
    992   806  1921280.8000   521  1920622.0000  1921475.3333   587687    0.04%
    997   810  1921475.3333   448  1920622.0000  1921475.3333   595816    0.04%
   1002   812  1921475.3333   454  1920622.0000  1921475.3333   596769    0.04%
Elapsed time = 3484.91 sec. (918578.93 ticks, tree = 543.18 MB, solutions = 3)
   1005   813  1921475.3333   447  1920622.0000  1921475.3333   597538    0.04%
   1011   815  1921475.3333   633  1920622.0000  1921475.3333   606847    0.04%
   1017   824  1921280.8000   422  1920622.0000  1921475.3333   616332    0.04%
   1022   817  1921475.3333   609  1920622.0000  1921475.3333   608480    0.04%
   1025   804  1921475.3333   635  1920622.0000  1921475.3333   585483    0.04%
   1029   827  1921290.3333   541  1920622.0000  1921475.3333   627865    0.04%
   1036   820  1921290.3333   442  1920622.0000  1921475.3333   600320    0.04%
   1043   830  1921280.8000   439  1920622.0000  1921475.3333   628835    0.04%
   1047   824  1921475.3333   815  1920622.0000  1921475.3333   626020    0.04%
   1050   824  1921475.3333   883  1920622.0000  1921475.3333   623979    0.04%
Elapsed time = 3708.69 sec. (964433.62 ticks, tree = 551.38 MB, solutions = 3)
   1052   830  1921475.3333   965  1920622.0000  1921475.3333   642248    0.04%
   1055   845  1921475.3333   709  1920622.0000  1921475.3333   651075    0.04%
   1058   826  1921475.3333   911  1920622.0000  1921475.3333   627711    0.04%
   1060   827  1921475.3333   673  1920622.0000  1921475.3333   632585    0.04%
   1061   830  1921475.3333   974  1920622.0000  1921475.3333   637207    0.04%
   1064   865  1921290.3333   608  1920622.0000  1921475.3333   684115    0.04%
   1069   848  1921475.3333   637  1920622.0000  1921475.3333   662914    0.04%
   1075   851  1921282.6667   551  1920622.0000  1921475.3333   663322    0.04%
   1080   866  1920845.0909   433  1920622.0000  1921475.3333   686300    0.04%
   1082   871  1921475.3333   776  1920622.0000  1921475.3333   706158    0.04%
Elapsed time = 4001.91 sec. (1022471.68 ticks, tree = 589.12 MB, solutions = 3)
   1083   879  1921475.3333   692  1920622.0000  1921475.3333   727049    0.04%
   1087   872  1921475.3333   801  1920622.0000  1921475.3333   708634    0.04%
   1090   860  1921475.3333   961  1920622.0000  1921475.3333   675426    0.04%
   1092   867  1921475.3333   727  1920622.0000  1921475.3333   691138    0.04%
   1095   884  1921290.3333   509  1920622.0000  1921475.3333   730152    0.04%
   1098   886  1921258.2727   452  1920622.0000  1921475.3333   730547    0.04%
   1103   886  1921475.3333   593  1920622.0000  1921475.3333   731652    0.04%
   1105   885  1921475.3333   566  1920622.0000  1921475.3333   736651    0.04%
   1110   889  1921258.2727   460  1920622.0000  1921475.3333   733476    0.04%
   1114   902  1920776.6250   453  1920622.0000  1921475.3333   762406    0.04%
Elapsed time = 4240.38 sec. (1077289.25 ticks, tree = 614.35 MB, solutions = 3)
   1120   905  1920776.6250   403  1920622.0000  1921475.3333   763406    0.04%
   1123   908  1920776.6250   346  1920622.0000  1921475.3333   764095    0.04%
   1127   893  1921475.3333   577  1920622.0000  1921475.3333   754062    0.04%
   1134   910  1921475.3333   939  1920622.0000  1921475.3333   800174    0.04%
   1139   917  1921258.2727   428  1920622.0000  1921475.3333   808059    0.04%
   1142   895  1921282.6667   475  1920622.0000  1921475.3333   756841    0.04%
   1149   917  1920776.6250   296  1920622.0000  1921475.3333   767431    0.04%
   1154   920  1920776.6250   290  1920622.0000  1921475.3333   768269    0.04%
   1159   923  1920776.6250   237  1920622.0000  1921475.3333   769350    0.04%
   1165   926  1920776.6250   263  1920622.0000  1921475.3333   770539    0.04%
Elapsed time = 4453.03 sec. (1122747.26 ticks, tree = 633.36 MB, solutions = 3)
   1168   929  1920776.6250   291  1920622.0000  1921475.3333   771502    0.04%
   1174   954  1920776.6250   288  1920622.0000  1921475.3333   831300    0.04%
   1177   960  1921290.3333   496  1920622.0000  1921475.3333   843465    0.04%
   1182   955  1920776.6250   289  1920622.0000  1921475.3333   831714    0.04%
   1188   959  1920776.6250   263  1920622.0000  1921475.3333   832909    0.04%
   1196   965  1921475.3333   837  1920622.0000  1921475.3333   859336    0.04%
   1201   923  1921475.3333   399  1920622.0000  1921475.3333   819789    0.04%
   1206   967  1920776.6250   216  1920622.0000  1921475.3333   836605    0.04%
   1212   970  1920776.6250   235  1920622.0000  1921475.3333   838029    0.04%
   1219   976  1921475.3333   576  1920622.0000  1921475.3333   891439    0.04%
Elapsed time = 4651.66 sec. (1167277.90 ticks, tree = 675.16 MB, solutions = 3)
   1226   966  1921280.8000   416  1920622.0000  1921475.3333   849507    0.04%
   1236   966  1920845.0909   432  1920622.0000  1921475.3333   850050    0.04%
   1244   973  1921475.3333   446  1920622.0000  1921475.3333   873343    0.04%
   1254   979  1921475.3333   515  1920622.0000  1921475.3333   894784    0.04%
   1261   969  1921280.8000   430  1920622.0000  1921475.3333   852106    0.04%
   1267   967  1921475.3333   612  1920622.0000  1921475.3333   866329    0.04%
   1272   978  1920776.6250   359  1920622.0000  1921475.3333   877275    0.04%
   1277   984  1921290.3333   577  1920622.0000  1921475.3333   906517    0.04%
   1285   987  1920877.2500   424  1920622.0000  1921475.3333   899957    0.04%
   1292  1027  1921258.2727   387  1920622.0000  1921475.3333   930029    0.04%
Elapsed time = 4822.86 sec. (1209922.12 ticks, tree = 718.43 MB, solutions = 3)
   1298   991  1920877.2500   352  1920622.0000  1921475.3333   901826    0.04%
   1301  1029  1921475.3333   451  1920622.0000  1921475.3333   945288    0.04%
   1304  1047  1920877.2500   379  1920622.0000  1921475.3333   958963    0.04%
   1312  1051  1920877.2500   355  1920622.0000  1921475.3333   960034    0.04%
   1318  1060  1920776.6250   284  1920622.0000  1921475.3333   969304    0.04%
   1324  1063  1920776.6250   265  1920622.0000  1921475.3333   970509    0.04%
   1331  1065  1920776.6250   248  1920622.0000  1921475.3333   971668    0.04%
   1338   999  1921282.6667   581  1920622.0000  1921475.3333   919920    0.04%
   1345  1059  1920877.2500   304  1920622.0000  1921475.3333   965667    0.04%
   1355  1072  1920776.6250   250  1920622.0000  1921475.3333   975962    0.04%
Elapsed time = 5024.89 sec. (1255147.90 ticks, tree = 752.36 MB, solutions = 3)
   1359   986  1921282.6667   525  1920622.0000  1921475.3333   906837    0.04%
   1364  1066  1920877.2500   278  1920622.0000  1921475.3333   969377    0.04%
   1371  1068  1920877.2500   257  1920622.0000  1921475.3333   971020    0.04%
   1372  1069  1920877.2500   280  1920622.0000  1921475.3333   972342    0.04%
   1376  1032  1921475.3333   526  1920622.0000  1921475.3333   948771    0.04%
   1382  1105  1920734.4444   277  1920622.0000  1921475.3333  1016298    0.04%
   1386  1078  1920776.6250   216  1920622.0000  1921475.3333   980362    0.04%
   1391  1063  1921290.3333   460  1920622.0000  1921475.3333   976280    0.04%
   1394  1131  1920776.6250   232  1920622.0000  1921475.3333  1031280    0.04%
   1399  1064  1920845.0909   390  1920622.0000  1921475.3333   977619    0.04%
Elapsed time = 5216.05 sec. (1300653.00 ticks, tree = 745.54 MB, solutions = 3)
   1404  1136  1920776.6250   197  1920622.0000  1921475.3333  1034449    0.04%
   1408  1065  1921475.3333   510  1920622.0000  1921475.3333   979434    0.04%
   1412  1140  1920776.6250   252  1920622.0000  1921475.3333  1036368    0.04%
   1420  1105  1921475.3333   463  1920622.0000  1921475.3333  1020178    0.04%
   1424  1075  1921475.3333   578  1920622.0000  1921475.3333   985524    0.04%
   1433  1076  1921475.3333   540  1920622.0000  1921475.3333   986336    0.04%
   1441  1139  1920845.0909   401  1920622.0000  1921475.3333  1042740    0.04%
   1449  1149  1921282.6667   476  1920622.0000  1921475.3333  1046519    0.04%
   1458  1156  1920697.0909   133  1920622.0000  1921475.3333  1043992    0.04%
   1464  1157  1921475.3333   529  1920622.0000  1921475.3333  1044938    0.04%
Elapsed time = 5403.50 sec. (1343388.64 ticks, tree = 822.00 MB, solutions = 3)
   1468  1141  1921475.3333   539  1920622.0000  1921475.3333  1046490    0.04%
   1472  1151  1921475.3333   483  1920622.0000  1921475.3333  1050279    0.04%
   1476  1143  1921290.3333   479  1920622.0000  1921475.3333  1048558    0.04%
   1480  1161  1921280.8000   538  1920622.0000  1921475.3333  1088803    0.04%
   1484  1153  1921475.3333   461  1920622.0000  1921475.3333  1052599    0.04%
   1489  1145  1921280.8000   419  1920622.0000  1921475.3333  1050907    0.04%
   1495  1144  1920845.0909   382  1920622.0000  1921475.3333  1051523    0.04%
   1497  1156  1920845.0909   413  1920622.0000  1921475.3333  1054281    0.04%
   1501  1192  1921290.3333   489  1920622.0000  1921475.3333  1106768    0.04%
   1505  1157  1921290.3333   429  1920622.0000  1921475.3333  1056112    0.04%
Elapsed time = 5623.20 sec. (1391463.17 ticks, tree = 821.71 MB, solutions = 3)
   1512  1194  1920845.0909   410  1920622.0000  1921475.3333  1107755    0.04%
   1513  1161  1921475.3333   946  1920622.0000  1921475.3333  1097527    0.04%
   1516  1206  1921280.8000   398  1920622.0000  1921475.3333  1127877    0.04%
   1520  1206  1920845.0909   335  1920622.0000  1921475.3333  1128767    0.04%
   1523  1214  1921475.3333   492  1920622.0000  1921475.3333  1146297    0.04%
   1525  1215  1921475.3333   503  1920622.0000  1921475.3333  1147232    0.04%
   1527  1216  1921475.3333   466  1920622.0000  1921475.3333  1148357    0.04%
   1531  1219  1921282.6667   436  1920622.0000  1921475.3333  1149072    0.04%
   1534  1216  1921475.3333   953  1920622.0000  1921475.3333  1166074    0.04%
   1539  1219  1920845.0909   407  1920622.0000  1921475.3333  1150316    0.04%
Elapsed time = 5889.97 sec. (1444830.67 ticks, tree = 873.53 MB, solutions = 3)
   1545  1209  1921290.3333   428  1920622.0000  1921475.3333  1132206    0.04%
   1550  1200  1921282.6667   391  1920622.0000  1921475.3333  1114560    0.04%
   1554  1224  1921475.3333   584  1920622.0000  1921475.3333  1184801    0.04%
   1557  1230  1920845.0909   392  1920622.0000  1921475.3333  1197159    0.04%
   1561  1226  1921290.3333   516  1920622.0000  1921475.3333  1186354    0.04%
   1566  1231  1921475.3333   743  1920622.0000  1921475.3333  1199526    0.04%
   1570  1224  1920854.2500   425  1920622.0000  1921475.3333  1154957    0.04%
   1575  1228  1920845.0909   447  1920622.0000  1921475.3333  1189379    0.04%
   1577  1254  1921282.6667   695  1920622.0000  1921475.3333  1219815    0.04%
   1582  1233  1921475.3333   420  1920622.0000  1921475.3333  1201765    0.04%
Elapsed time = 6129.42 sec. (1497587.33 ticks, tree = 883.00 MB, solutions = 3)
   1586  1245  1921258.2727   764  1920622.0000  1921475.3333  1216970    0.04%
   1588  1263  1921290.3333   486  1920622.0000  1921475.3333  1231459    0.04%
   1592  1236  1921282.6667   371  1920622.0000  1921475.3333  1204080    0.04%
   1597  1238  1921258.2727   384  1920622.0000  1921475.3333  1204571    0.04%
   1602  1267  1921280.8000   398  1920622.0000  1921475.3333  1233645    0.04%
   1606  1273  1921290.3333   745  1920622.0000  1921475.3333  1247113    0.04%
   1611  1279  1921475.3333   576  1920622.0000  1921475.3333  1261066    0.04%
   1616  1257  1921475.3333   823  1920622.0000  1921475.3333  1228393    0.04%
   1620  1259  1921290.3333   740  1920622.0000  1921475.3333  1229307    0.04%
   1623  1260  1921290.3333   675  1920622.0000  1921475.3333  1229784    0.04%
Elapsed time = 6378.03 sec. (1548914.80 ticks, tree = 903.98 MB, solutions = 3)
   1626  1278  1921258.2727   496  1920622.0000  1921475.3333  1252842    0.04%
   1628  1292  1920776.6250   531  1920622.0000  1921475.3333  1297404    0.04%
   1635  1290  1921290.3333   552  1920622.0000  1921475.3333  1281079    0.04%
   1637  1292  1921282.6667   474  1920622.0000  1921475.3333  1281612    0.04%
   1640  1294  1921282.6667   459  1920622.0000  1921475.3333  1282529    0.04%
   1644  1295  1920776.6250   536  1920622.0000  1921475.3333  1301895    0.04%
   1648  1269  1921475.3333   649  1920622.0000  1921475.3333  1245510    0.04%
   1652  1300  1920845.0909   515  1920622.0000  1921475.3333  1317550    0.04%
   1655  1280  1921475.3333   546  1920622.0000  1921475.3333  1261275    0.04%
   1656  1298  1920776.6250   508  1920622.0000  1921475.3333  1308846    0.04%
Elapsed time = 6608.56 sec. (1596727.66 ticks, tree = 933.77 MB, solutions = 3)
   1660  1300  1920776.6250   428  1920622.0000  1921475.3333  1310087    0.04%
   1664  1302  1920776.6250   420  1920622.0000  1921475.3333  1311602    0.04%
   1669  1309  1921475.3333   560  1920622.0000  1921475.3333  1333704    0.04%
   1675  1310  1921475.3333   517  1920622.0000  1921475.3333  1334204    0.04%
   1679  1315  1921290.3333   394  1920622.0000  1921475.3333  1335433    0.04%
   1683  1311  1921475.3333   501  1920622.0000  1921475.3333  1336048    0.04%
   1687  1318  1921282.6667   367  1920622.0000  1921475.3333  1337712    0.04%
   1691  1313  1921282.6667   461  1920622.0000  1921475.3333  1337357    0.04%
   1696  1332  1921475.3333   857  1920622.0000  1921475.3333  1391381    0.04%
   1701  1353  1920776.6250   317  1920622.0000  1921475.3333  1412543    0.04%
Elapsed time = 6855.45 sec. (1646944.57 ticks, tree = 980.96 MB, solutions = 3)
   1705  1315  1921258.2727   346  1920622.0000  1921475.3333  1340250    0.04%
   1709  1358  1920845.0909   368  1920622.0000  1921475.3333  1422171    0.04%
   1719  1361  1920776.6250   258  1920622.0000  1921475.3333  1416641    0.04%
   1724  1334  1921475.3333   733  1920622.0000  1921475.3333  1396715    0.04%
   1729  1366  1920776.6250   250  1920622.0000  1921475.3333  1420046    0.04%
   1731  1368  1920776.6250   225  1920622.0000  1921475.3333  1421277    0.04%
   1734  1371  1920776.6250   228  1920622.0000  1921475.3333  1422545    0.04%
   1736  1372  1920776.6250   223  1920622.0000  1921475.3333  1423901    0.04%
   1742  1326  1921475.3333   675  1920622.0000  1921475.3333  1378263    0.04%
   1746  1370  1921290.3333   587  1920622.0000  1921475.3333  1440824    0.04%
Elapsed time = 7079.77 sec. (1695267.86 ticks, tree = 995.06 MB, solutions = 3)
   1750  1335  1921475.3333   685  1920622.0000  1921475.3333  1403024    0.04%
   1756  1408  1920776.6250   229  1920622.0000  1921475.3333  1474265    0.04%
   1762  1411  1920776.6250   228  1920622.0000  1921475.3333  1476072    0.04%
   1765  1372  1921282.6667   449  1920622.0000  1921475.3333  1444396    0.04%
   1767  1362  1921282.6667   407  1920622.0000  1921475.3333  1432266    0.04%
   1771  1363  1921280.8000   374  1920622.0000  1921475.3333  1433088    0.04%
   1773  1376  1921258.2727   540  1920622.0000  1921475.3333  1462021    0.04%
   1774  1375  1920845.0909   519  1920622.0000  1921475.3333  1462778    0.04%
   1775  1327  1921475.3333   722  1920622.0000  1921475.3333  1393033    0.04%
   1778  1411  1921475.3333   854  1920622.0000  1921475.3333  1483401    0.04%
Elapsed time = 7386.80 sec. (1755494.15 ticks, tree = 1030.23 MB, solutions = 3)
   1782  1423  1921475.3333   449  1920622.0000  1921475.3333  1532509    0.04%
   1783  1411  1921475.3333   601  1920622.0000  1921475.3333  1504804    0.04%
   1786  1413  1921290.3333   488  1920622.0000  1921475.3333  1505559    0.04%
   1790  1429  1921280.8000   480  1920622.0000  1921475.3333  1549072    0.04%
   1792  1428  1920845.0909   451  1920622.0000  1921475.3333  1549604    0.04%
   1795  1426  1921475.3333   414  1920622.0000  1921475.3333  1537278    0.04%
   1796  1432  1921475.3333   687  1920622.0000  1921475.3333  1571090    0.04%
   1798  1442  1921475.3333   674  1920622.0000  1921475.3333  1588194    0.04%
   1800  1428  1921475.3333   414  1920622.0000  1921475.3333  1542560    0.04%
   1801  1414  1921475.3333   607  1920622.0000  1921475.3333  1517685    0.04%
Elapsed time = 7658.64 sec. (1813669.69 ticks, tree = 1032.74 MB, solutions = 3)
   1802  1433  1921475.3333   650  1920622.0000  1921475.3333  1575521    0.04%
   1806  1451  1921475.3333   377  1920622.0000  1921475.3333  1616265    0.04%
   1808  1374  1921280.8000   470  1920622.0000  1921475.3333  1451463    0.04%
   1810  1457  1921280.8000   501  1920622.0000  1921475.3333  1635547    0.04%
   1816  1434  1921290.3333   549  1920622.0000  1921475.3333  1580096    0.04%
   1821  1454  1921282.6667   295  1920622.0000  1921475.3333  1620533    0.04%
   1826  1455  1921280.8000   264  1920622.0000  1921475.3333  1621115    0.04%
   1830  1449  1921280.8000   389  1920622.0000  1921475.3333  1596285    0.04%
   1835  1456  1920776.6250   347  1920622.0000  1921475.3333  1623603    0.04%
   1839  1462  1921280.8000   439  1920622.0000  1921475.3333  1653860    0.04%
Elapsed time = 7914.92 sec. (1865022.20 ticks, tree = 1073.00 MB, solutions = 3)
   1840  1446  1920845.0909   395  1920622.0000  1921475.3333  1612781    0.04%
   1842  1474  1921475.3333   727  1920622.0000  1921475.3333  1685631    0.04%
   1844  1476  1921290.3333   639  1920622.0000  1921475.3333  1686123    0.04%
   1847  1478  1921280.8000   581  1920622.0000  1921475.3333  1686643    0.04%
   1851  1461  1921282.6667   390  1920622.0000  1921475.3333  1640876    0.04%
   1854  1462  1921258.2727   368  1920622.0000  1921475.3333  1641464    0.04%
   1856  1461  1920845.0909   397  1920622.0000  1921475.3333  1655080    0.04%
   1860  1462  1920845.0909   299  1920622.0000  1921475.3333  1644198    0.04%
   1861  1481  1921282.6667   615  1920622.0000  1921475.3333  1696977    0.04%
   1863  1447  1921475.3333   694  1920622.0000  1921475.3333  1618954    0.04%
Elapsed time = 8147.73 sec. (1914216.51 ticks, tree = 1060.44 MB, solutions = 3)
   1865  1483  1921280.8000   469  1920622.0000  1921475.3333  1699285    0.04%
   1867  1463  1921475.3333   561  1920622.0000  1921475.3333  1647874    0.04%
   1869  1478  1921475.3333   426  1920622.0000  1921475.3333  1692340    0.04%
   1873  1493  1921475.3333   545  1920622.0000  1921475.3333  1727130    0.04%
   1875  1483  1921258.2727   551  1920622.0000  1921475.3333  1715880    0.04%
   1881  1496  1921280.8000   618  1920622.0000  1921475.3333  1739922    0.04%
   1883  1495  1920845.0909   392  1920622.0000  1921475.3333  1729784    0.04%
   1884  1502  1921290.3333   645  1920622.0000  1921475.3333  1754133    0.04%
   1891  1497  1920854.2500   606  1920622.0000  1921475.3333  1746945    0.04%
   1899  1487  1921475.3333   673  1920622.0000  1921475.3333  1721930    0.04%
Elapsed time = 8443.38 sec. (1972799.94 ticks, tree = 1092.08 MB, solutions = 3)
   1900  1511  1921290.3333   481  1920622.0000  1921475.3333  1757469    0.04%
   1904  1513  1921282.6667   389  1920622.0000  1921475.3333  1758280    0.04%
   1906  1483  1921475.3333   830  1920622.0000  1921475.3333  1722948    0.04%
   1909  1513  1920845.0909   326  1920622.0000  1921475.3333  1759766    0.04%
   1911  1489  1921475.3333   562  1920622.0000  1921475.3333  1727069    0.04%
   1913  1504  1920854.2500   471  1920622.0000  1921475.3333  1753632    0.04%
   1914  1505  1920854.2500   472  1920622.0000  1921475.3333  1754910    0.04%
   1917  1513  1921475.3333   536  1920622.0000  1921475.3333  1816381    0.04%
   1921  1515  1921282.6667   507  1920622.0000  1921475.3333  1817450    0.04%
   1923  1516  1921282.6667   437  1920622.0000  1921475.3333  1818569    0.04%
Elapsed time = 8707.94 sec. (2033138.96 ticks, tree = 1115.55 MB, solutions = 3)
   1927  1511  1921280.8000   409  1920622.0000  1921475.3333  1784454    0.04%
   1929  1516  1920845.0909   373  1920622.0000  1921475.3333  1819635    0.04%
   1930  1524  1920854.2500   417  1920622.0000  1921475.3333  1842214    0.04%
   1931  1511  1921475.3333   664  1920622.0000  1921475.3333  1807473    0.04%
   1933  1528  1921290.3333   739  1920622.0000  1921475.3333  1856410    0.04%
   1937  1525  1920854.2500   430  1920622.0000  1921475.3333  1843164    0.04%
   1938  1544  1921290.3333   487  1920622.0000  1921475.3333  1875273    0.04%
   1940  1545  1920845.0909   341  1920622.0000  1921475.3333  1891787    0.04%
   1944  1526  1920854.2500   438  1920622.0000  1921475.3333  1847097    0.04%
   1946  1527  1920854.2500   388  1920622.0000  1921475.3333  1848906    0.04%
Elapsed time = 9007.70 sec. (2095967.92 ticks, tree = 1124.87 MB, solutions = 3)
   1947  1546  1921290.3333   462  1920622.0000  1921475.3333  1883837    0.04%
   1949  1528  1920854.2500   372  1920622.0000  1921475.3333  1851716    0.04%
   1953  1550  1921282.6667   372  1920622.0000  1921475.3333  1885581    0.04%
   1956  1546  1921475.3333   552  1920622.0000  1921475.3333  1895567    0.04%
   1962  1551  1921475.3333   583  1920622.0000  1921475.3333  1910938    0.04%
   1964  1577  1921290.3333   620  1920622.0000  1921475.3333  1983458    0.04%
   1968  1579  1921282.6667   509  1920622.0000  1921475.3333  1984296    0.04%
   1971  1580  1921258.2727   446  1920622.0000  1921475.3333  1985630    0.04%
   1974  1581  1921290.3333   711  1920622.0000  1921475.3333  1996896    0.04%
   1976  1552  1921475.3333   557  1920622.0000  1921475.3333  1917541    0.04%
Elapsed time = 9250.44 sec. (2154758.68 ticks, tree = 1146.48 MB, solutions = 3)
   1978  1583  1921290.3333   633  1920622.0000  1921475.3333  1999600    0.04%
   1982  1559  1921475.3333   679  1920622.0000  1921475.3333  1935564    0.04%
   1985  1587  1921280.8000   475  1920622.0000  1921475.3333  2001801    0.04%
   1988  1586  1920845.0909   439  1920622.0000  1921475.3333  2002274    0.04%
   1990  1575  1921475.3333   554  1920622.0000  1921475.3333  1959180    0.04%
   1992  1576  1921290.3333   504  1920622.0000  1921475.3333  1959707    0.04%
   1996  1581  1921475.3333   696  1920622.0000  1921475.3333  1994933    0.04%
   1999  1570  1920854.2500   286  1920622.0000  1921475.3333  1955583    0.04%
   2005  1579  1920877.2500   444  1920622.0000  1921475.3333  1963101    0.04%
   2009  1581  1920877.2500   457  1920622.0000  1921475.3333  1964183    0.04%
Elapsed time = 9520.28 sec. (2206650.45 ticks, tree = 1171.22 MB, solutions = 3)
   2013  1587  1921475.3333   776  1920622.0000  1921475.3333  2008941    0.04%
   2014  1604  1920877.2500   542  1920622.0000  1921475.3333  2064694    0.04%
   2016  1587  1921475.3333   672  1920622.0000  1921475.3333  2033778    0.04%
   2018  1605  1920877.2500   557  1920622.0000  1921475.3333  2070239    0.04%
   2021  1587  1921280.8000   358  1920622.0000  1921475.3333  2013581    0.04%
   2024  1585  1921475.3333   749  1920622.0000  1921475.3333  2002774    0.04%
   2026  1597  1920854.2500   266  1920622.0000  1921475.3333  2059812    0.04%
   2027  1598  1920854.2500   264  1920622.0000  1921475.3333  2061453    0.04%
   2030  1613  1921475.3333   661  1920622.0000  1921475.3333  2090984    0.04%
   2033  1614  1921475.3333   565  1920622.0000  1921475.3333  2092161    0.04%
Elapsed time = 9847.11 sec. (2275963.77 ticks, tree = 1200.45 MB, solutions = 3)
   2035  1615  1921475.3333   503  1920622.0000  1921475.3333  2093666    0.04%
   2037  1603  1920854.2500   247  1920622.0000  1921475.3333  2069517    0.04%
   2042  1604  1920854.2500   223  1920622.0000  1921475.3333  2070280    0.04%
   2046  1587  1921475.3333   497  1920622.0000  1921475.3333  2019892    0.04%
   2051  1618  1920845.0909   351  1920622.0000  1921475.3333  2095981    0.04%
   2055  1622  1921290.3333   689  1920622.0000  1921475.3333  2109710    0.04%
   2058  1607  1920877.2500   502  1920622.0000  1921475.3333  2084855    0.04%
   2060  1624  1921290.3333   693  1920622.0000  1921475.3333  2115855    0.04%
   2067  1623  1921290.3333   598  1920622.0000  1921475.3333  2112271    0.04%
   2069  1645  1920877.2500   437  1920622.0000  1921475.3333  2179513    0.04%
Elapsed time = 10066.92 sec. (2324168.93 ticks, tree = 1227.37 MB, solutions = 3)
   2072  1628  1921282.6667   549  1920622.0000  1921475.3333  2118373    0.04%
   2074  1648  1920877.2500   377  1920622.0000  1921475.3333  2182067    0.04%
   2076  1625  1921282.6667   502  1920622.0000  1921475.3333  2116196    0.04%
   2079  1626  1921280.8000   492  1920622.0000  1921475.3333  2116683    0.04%
   2081  1650  1920877.2500   377  1920622.0000  1921475.3333  2185316    0.04%
   2084  1652  1920877.2500   337  1920622.0000  1921475.3333  2186849    0.04%
   2089  1628  1920845.0909   480  1920622.0000  1921475.3333  2123508    0.04%
   2094  1659  1920845.0909   413  1920622.0000  1921475.3333  2223340    0.04%
   2096  1656  1920877.2500   279  1920622.0000  1921475.3333  2190737    0.04%
   2098  1658  1920877.2500   223  1920622.0000  1921475.3333  2191897    0.04%
Elapsed time = 10300.08 sec. (2373167.27 ticks, tree = 1238.88 MB, solutions = 3)
   2100  1655  1921432.2500   644  1920622.0000  1921475.3333  2211672    0.04%
   2103  1661  1920877.2500   234  1920622.0000  1921475.3333  2194440    0.04%
   2104  1662  1920877.2500   224  1920622.0000  1921475.3333  2195860    0.04%
   2105  1663  1920877.2500   197  1920622.0000  1921475.3333  2196127    0.04%
   2107  1664  1920877.2500   216  1920622.0000  1921475.3333  2197480    0.04%
   2110  1666  1920877.2500   227  1920622.0000  1921475.3333  2199070    0.04%
   2112  1660  1921475.3333   560  1920622.0000  1921475.3333  2227942    0.04%
   2117  1667  1921282.6667   559  1920622.0000  1921475.3333  2241935    0.04%
   2122  1698  1920877.2500   222  1920622.0000  1921475.3333  2286651    0.04%
   2125  1698  1920734.4444   230  1920622.0000  1921475.3333  2288277    0.04%
Elapsed time = 10556.88 sec. (2423430.46 ticks, tree = 1274.60 MB, solutions = 3)
   2130  1662  1921282.6667   494  1920622.0000  1921475.3333  2231144    0.04%
   2133  1669  1920845.0909   411  1920622.0000  1921475.3333  2245514    0.04%
   2135  1658  1921432.2500   497  1920622.0000  1921475.3333  2227570    0.04%
   2137  1698  1921475.3333   733  1920622.0000  1921475.3333  2295105    0.04%
   2139  1674  1921475.3333   592  1920622.0000  1921475.3333  2272101    0.04%
   2141  1703  1921432.2500   470  1920622.0000  1921475.3333  2333014    0.04%
   2144  1672  1921290.3333   667  1920622.0000  1921475.3333  2252536    0.04%
   2145  1632  1921475.3333   670  1920622.0000  1921475.3333  2138023    0.04%
   2148  1704  1921432.2500   436  1920622.0000  1921475.3333  2339017    0.04%
   2149  1673  1921290.3333   566  1920622.0000  1921475.3333  2257263    0.04%
Elapsed time = 10924.38 sec. (2504591.63 ticks, tree = 1251.84 MB, solutions = 3)
   2151  1706  1921290.3333   660  1920622.0000  1921475.3333  2344011    0.04%
   2152  1705  1921432.2500   384  1920622.0000  1921475.3333  2343321    0.04%
   2154  1700  1920845.0909   666  1920622.0000  1921475.3333  2327848    0.04%
   2157  1707  1921282.6667   604  1920622.0000  1921475.3333  2350193    0.04%
   2159  1721  1921282.6667   473  1920622.0000  1921475.3333  2387400    0.04%
   2169  1699  1920845.0909   521  1920622.0000  1921475.3333  2333063    0.04%
   2175  1723  1921258.2727   401  1920622.0000  1921475.3333  2389756    0.04%
   2179  1708  1921280.8000   547  1920622.0000  1921475.3333  2355268    0.04%
   2180  1732  1921432.2500   391  1920622.0000  1921475.3333  2467896    0.04%
   2182  1726  1920845.0909   617  1920622.0000  1921475.3333  2446679    0.04%
Elapsed time = 11320.73 sec. (2578042.44 ticks, tree = 1296.01 MB, solutions = 3)
   2183  1707  1920845.0909   528  1920622.0000  1921475.3333  2364523    0.04%
   2185  1734  1921432.2500   369  1920622.0000  1921475.3333  2475133    0.04%
   2189  1726  1921290.3333   470  1920622.0000  1921475.3333  2396182    0.04%
   2191  1735  1921432.2500   351  1920622.0000  1921475.3333  2478291    0.04%
   2193  1727  1921475.3333   733  1920622.0000  1921475.3333  2453419    0.04%
   2196  1736  1921432.2500   316  1920622.0000  1921475.3333  2481712    0.04%
   2197  1737  1921432.2500   296  1920622.0000  1921475.3333  2482527    0.04%
   2199  1734  1921475.3333   649  1920622.0000  1921475.3333  2493575    0.04%
   2200  1719  1921475.3333   643  1920622.0000  1921475.3333  2386930    0.04%
   2203  1739  1921432.2500   275  1920622.0000  1921475.3333  2488333    0.04%
Elapsed time = 11643.23 sec. (2648731.57 ticks, tree = 1306.41 MB, solutions = 3)
   2205  1740  1921432.2500   291  1920622.0000  1921475.3333  2489884    0.04%
   2206  1735  1921475.3333   538  1920622.0000  1921475.3333  2497819    0.04%
   2210  1750  1921475.3333   699  1920622.0000  1921475.3333  2537613    0.04%
   2212  1753  1921475.3333   692  1920622.0000  1921475.3333  2556635    0.04%
   2215  1754  1921290.3333   630  1920622.0000  1921475.3333  2557249    0.04%
   2219  1746  1921258.2727   481  1920622.0000  1921475.3333  2523977    0.04%
   2222  1745  1920845.0909   468  1920622.0000  1921475.3333  2524957    0.04%
   2223  1766  1921432.2500   240  1920622.0000  1921475.3333  2588405    0.04%
   2224  1767  1921432.2500   228  1920622.0000  1921475.3333  2589265    0.04%
   2226  1768  1921432.2500   211  1920622.0000  1921475.3333  2590684    0.04%
Elapsed time = 11875.69 sec. (2700565.55 ticks, tree = 1333.82 MB, solutions = 3)
   2230  1767  1921282.6667   626  1920622.0000  1921475.3333  2604059    0.04%
   2233  1758  1921282.6667   458  1920622.0000  1921475.3333  2563961    0.04%
   2234  1759  1921280.8000   449  1920622.0000  1921475.3333  2564665    0.04%
   2237  1752  1921475.3333   530  1920622.0000  1921475.3333  2548142    0.04%
   2242  1758  1920845.0909   375  1920622.0000  1921475.3333  2566161    0.04%
   2243  1755  1921475.3333   453  1920622.0000  1921475.3333  2549984    0.04%
   2247  1770  1920845.0909   465  1920622.0000  1921475.3333  2610354    0.04%
   2248  1756  1921290.3333   414  1920622.0000  1921475.3333  2552711    0.04%
   2250  1773  1920877.2500   604  1920622.0000  1921475.3333  2631250    0.04%
   2251  1775  1921475.3333   766  1920622.0000  1921475.3333  2649420    0.04%
Elapsed time = 12162.83 sec. (2758254.60 ticks, tree = 1337.51 MB, solutions = 3)
   2252  1774  1920877.2500   590  1920622.0000  1921475.3333  2635134    0.04%
   2255  1776  1920877.2500   518  1920622.0000  1921475.3333  2636071    0.04%
   2256  1771  1921475.3333   620  1920622.0000  1921475.3333  2615450    0.04%
   2258  1777  1920877.2500   428  1920622.0000  1921475.3333  2638775    0.04%
   2260  1778  1920877.2500   415  1920622.0000  1921475.3333  2639408    0.04%
   2263  1805  1921432.2500   196  1920622.0000  1921475.3333  2727535    0.04%
   2266  1784  1921280.8000   327  1920622.0000  1921475.3333  2666182    0.04%
   2271  1781  1920877.2500   357  1920622.0000  1921475.3333  2641417    0.04%
   2276  1782  1920877.2500   372  1920622.0000  1921475.3333  2642241    0.04%
   2281  1806  1920997.7273   186  1920622.0000  1921475.3333  2733496    0.04%
Elapsed time = 12436.11 sec. (2816708.03 ticks, tree = 1366.08 MB, solutions = 3)
   2284  1792  1921282.6667   485  1920622.0000  1921475.3333  2700385    0.04%
   2286  1819  1920877.2500   246  1920622.0000  1921475.3333  2755705    0.04%
   2287  1777  1921475.3333   459  1920622.0000  1921475.3333  2663563    0.04%
   2290  1822  1920877.2500   227  1920622.0000  1921475.3333  2758295    0.04%
   2292  1784  1921475.3333   424  1920622.0000  1921475.3333  2669143    0.04%
   2296  1786  1921282.6667   406  1920622.0000  1921475.3333  2670261    0.04%
   2300  1826  1920877.2500   239  1920622.0000  1921475.3333  2762647    0.04%
   2302  1787  1921258.2727   393  1920622.0000  1921475.3333  2671944    0.04%
   2306  1806  1921475.3333   619  1920622.0000  1921475.3333  2739460    0.04%
   2309  1800  1921282.6667   414  1920622.0000  1921475.3333  2731078    0.04%
Elapsed time = 12669.58 sec. (2865446.14 ticks, tree = 1359.59 MB, solutions = 3)
   2311  1801  1921280.8000   379  1920622.0000  1921475.3333  2731975    0.04%
   2313  1820  1921282.6667   437  1920622.0000  1921475.3333  2782868    0.04%
   2316  1795  1921280.8000   404  1920622.0000  1921475.3333  2712861    0.04%
   2319  1801  1921258.2727   364  1920622.0000  1921475.3333  2735442    0.04%
   2322  1835  1920877.2500   179  1920622.0000  1921475.3333  2773629    0.04%
   2328  1837  1920877.2500   185  1920622.0000  1921475.3333  2774741    0.04%
   2330  1809  1921282.6667   516  1920622.0000  1921475.3333  2747511    0.04%
   2333  1837  1920733.2000   156  1920622.0000  1921475.3333  2777642    0.04%
   2336  1823  1921475.3333   656  1920622.0000  1921475.3333  2791234    0.04%
   2340  1837  1920845.0909   525  1920622.0000  1921475.3333  2863228    0.04%
Elapsed time = 12999.55 sec. (2922256.71 ticks, tree = 1397.01 MB, solutions = 3)
   2341  1833  1921475.3333   714  1920622.0000  1921475.3333  2841185    0.04%
   2342  1825  1921290.3333   530  1920622.0000  1921475.3333  2795821    0.04%
   2344  1821  1921475.3333   633  1920622.0000  1921475.3333  2794914    0.04%
   2347  1826  1921282.6667   453  1920622.0000  1921475.3333  2798966    0.04%
   2349  1824  1921282.6667   484  1920622.0000  1921475.3333  2799043    0.04%
   2351  1861  1921290.3333   677  1920622.0000  1921475.3333  2895297    0.04%
   2352  1838  1921475.3333   773  1920622.0000  1921475.3333  2871466    0.04%
   2355  1871  1921280.8000   611  1920622.0000  1921475.3333  2935587    0.04%
   2359  1834  1921475.3333   598  1920622.0000  1921475.3333  2852737    0.04%
   2361  1835  1921290.3333   568  1920622.0000  1921475.3333  2853247    0.04%
Elapsed time = 13336.78 sec. (3002933.84 ticks, tree = 1392.72 MB, solutions = 3)
   2363  1866  1921258.2727   532  1920622.0000  1921475.3333  2920718    0.04%
   2364  1865  1920845.0909   459  1920622.0000  1921475.3333  2922908    0.04%
   2366  1863  1921280.8000   495  1920622.0000  1921475.3333  2905715    0.04%
   2368  1872  1921258.2727   551  1920622.0000  1921475.3333  2949283    0.04%
   2369  1873  1921282.6667   654  1920622.0000  1921475.3333  2960083    0.04%
   2370  1863  1921258.2727   460  1920622.0000  1921475.3333  2909025    0.04%
   2371  1877  1921475.3333   653  1920622.0000  1921475.3333  2979932    0.04%
   2373  1871  1920845.0909   472  1920622.0000  1921475.3333  2954848    0.04%
   2375  1866  1921475.3333   681  1920622.0000  1921475.3333  2930037    0.04%
   2378  1874  1921282.6667   655  1920622.0000  1921475.3333  2967341    0.04%
Elapsed time = 13721.30 sec. (3071007.55 ticks, tree = 1428.85 MB, solutions = 3)
   2379  1882  1921282.6667   540  1920622.0000  1921475.3333  3004696    0.04%
   2381  1875  1921280.8000   646  1920622.0000  1921475.3333  2975097    0.04%
   2383  1883  1921280.8000   561  1920622.0000  1921475.3333  3007463    0.04%
   2386  1872  1921475.3333   633  1920622.0000  1921475.3333  2962384    0.04%
   2389  1885  1921280.8000   637  1920622.0000  1921475.3333  3024408    0.04%
   2390  1878  1921475.3333   696  1920622.0000  1921475.3333  2997370    0.04%
   2392  1884  1921258.2727   484  1920622.0000  1921475.3333  3013047    0.04%
   2393  1886  1921475.3333   677  1920622.0000  1921475.3333  3057696    0.04%
   2395  1883  1920845.0909   419  1920622.0000  1921475.3333  3016062    0.04%
   2397  1889  1921290.3333   632  1920622.0000  1921475.3333  3090772    0.04%
Elapsed time = 14038.42 sec. (3146144.99 ticks, tree = 1440.62 MB, solutions = 3)
   2399  1894  1921280.8000   498  1920622.0000  1921475.3333  3114937    0.04%
   2402  1894  1921258.2727   463  1920622.0000  1921475.3333  3117380    0.04%
   2403  1893  1920845.0909   446  1920622.0000  1921475.3333  3118101    0.04%
   2404  1884  1920845.0909   502  1920622.0000  1921475.3333  3043757    0.04%
   2405  1884  1921475.3333   850  1920622.0000  1921475.3333  3025006    0.04%
   2406  1897  1921475.3333   796  1920622.0000  1921475.3333  3150851    0.04%
   2408  1901  1921475.3333   925  1920622.0000  1921475.3333  3181816    0.04%
   2409  1894  1921475.3333   742  1920622.0000  1921475.3333  3125482    0.04%
   2414  1885  1921475.3333   867  1920622.0000  1921475.3333  3052110    0.04%
   2416  1903  1921290.3333   497  1920622.0000  1921475.3333  3191816    0.04%
Elapsed time = 14570.27 sec. (3249364.04 ticks, tree = 1453.86 MB, solutions = 3)
   2418  1902  1921475.3333   854  1920622.0000  1921475.3333  3189504    0.04%
   2420  1892  1921282.6667   505  1920622.0000  1921475.3333  3114282    0.04%
   2422  1904  1921290.3333   450  1920622.0000  1921475.3333  3197087    0.04%
   2423  1899  1921475.3333   712  1920622.0000  1921475.3333  3166786    0.04%
   2424  1915  1921280.8000   567  1920622.0000  1921475.3333  3278383    0.04%
   2426  1915  1921258.2727   526  1920622.0000  1921475.3333  3279025    0.04%
   2428  1909  1921282.6667   496  1920622.0000  1921475.3333  3257690    0.04%
   2429  1903  1921475.3333   763  1920622.0000  1921475.3333  3197419    0.04%
   2430  1900  1921290.3333   616  1920622.0000  1921475.3333  3172720    0.04%
   2432  1906  1921282.6667   435  1920622.0000  1921475.3333  3208671    0.04%
Elapsed time = 14936.25 sec. (3314447.58 ticks, tree = 1456.62 MB, solutions = 3)
   2434  1906  1921475.3333   796  1920622.0000  1921475.3333  3240743    0.04%
   2435  1907  1921282.6667   387  1920622.0000  1921475.3333  3214261    0.04%
   2436  1908  1921280.8000   388  1920622.0000  1921475.3333  3215694    0.04%
   2438  1911  1921280.8000   472  1920622.0000  1921475.3333  3269555    0.04%
   2439  1911  1921258.2727   474  1920622.0000  1921475.3333  3271280    0.04%
   2441  1915  1921475.3333   791  1920622.0000  1921475.3333  3290702    0.04%
   2443  1923  1920845.0909   337  1920622.0000  1921475.3333  3337096    0.04%
   2445  1920  1921290.3333   563  1920622.0000  1921475.3333  3315444    0.04%
   2446  1929  1921475.3333   660  1920622.0000  1921475.3333  3374289    0.04%
   2447  1907  1921475.3333   775  1920622.0000  1921475.3333  3260463    0.04%
Elapsed time = 15326.94 sec. (3399771.01 ticks, tree = 1457.79 MB, solutions = 3)
   2448  1916  1921475.3333   714  1920622.0000  1921475.3333  3299420    0.04%
   2449  1924  1921475.3333   741  1920622.0000  1921475.3333  3344370    0.04%
   2452  1930  1921475.3333   618  1920622.0000  1921475.3333  3380395    0.04%
   2454  1932  1921475.3333   723  1920622.0000  1921475.3333  3411833    0.04%
   2455  1934  1921475.3333   692  1920622.0000  1921475.3333  3441425    0.04%
   2456  1923  1921282.6667   575  1920622.0000  1921475.3333  3331410    0.04%
   2457  1931  1921475.3333   619  1920622.0000  1921475.3333  3384744    0.04%
   2458  1937  1921475.3333   867  1920622.0000  1921475.3333  3471378    0.04%
   2462  1932  1921475.3333   543  1920622.0000  1921475.3333  3389481    0.04%
   2463  1935  1921475.3333   579  1920622.0000  1921475.3333  3448894    0.04%
Elapsed time = 15719.12 sec. (3473884.20 ticks, tree = 1479.47 MB, solutions = 3)
   2465  1934  1921475.3333   499  1920622.0000  1921475.3333  3392565    0.04%
   2467  1935  1921475.3333   518  1920622.0000  1921475.3333  3393492    0.04%
   2470  1940  1921475.3333   668  1920622.0000  1921475.3333  3479157    0.04%
   2473  1952  1921282.6667   415  1920622.0000  1921475.3333  3547328    0.04%
   2476  1944  1921282.6667   676  1920622.0000  1921475.3333  3526377    0.04%
   2480  1954  1921282.6667   391  1920622.0000  1921475.3333  3550535    0.04%
   2483  1940  1921280.8000   374  1920622.0000  1921475.3333  3457448    0.04%
   2485  1954  1920845.0909   326  1920622.0000  1921475.3333  3552037    0.04%
   2486  1943  1921282.6667   509  1920622.0000  1921475.3333  3513589    0.04%
   2489  1939  1920845.0909   341  1920622.0000  1921475.3333  3460831    0.04%
Elapsed time = 16030.81 sec. (3536149.49 ticks, tree = 1484.12 MB, solutions = 3)
   2492  1936  1921475.3333   571  1920622.0000  1921475.3333  3441484    0.04%
   2493  1944  1921282.6667   482  1920622.0000  1921475.3333  3522559    0.04%
   2494  1947  1921282.6667   514  1920622.0000  1921475.3333  3540773    0.04%
   2497  1940  1921475.3333   784  1920622.0000  1921475.3333  3467668    0.04%
   2499  1956  1921475.3333   495  1920622.0000  1921475.3333  3560968    0.04%
   2504  1949  1921258.2727   440  1920622.0000  1921475.3333  3546211    0.04%
   2505  1963  1921475.3333   784  1920622.0000  1921475.3333  3619804    0.04%
   2509  1965  1921290.3333   595  1920622.0000  1921475.3333  3620424    0.04%
   2510  1948  1920845.0909   414  1920622.0000  1921475.3333  3551677    0.04%
   2512  1970  1921475.3333   608  1920622.0000  1921475.3333  3656324    0.04%
Elapsed time = 16490.84 sec. (3634444.35 ticks, tree = 1509.61 MB, solutions = 3)
   2513  1966  1921282.6667   544  1920622.0000  1921475.3333  3624350    0.04%
   2517  1967  1921280.8000   498  1920622.0000  1921475.3333  3624802    0.04%
   2518  1958  1921475.3333   484  1920622.0000  1921475.3333  3571594    0.04%
   2520  1971  1921290.3333   557  1920622.0000  1921475.3333  3660952    0.04%
   2522  1958  1921475.3333   461  1920622.0000  1921475.3333  3599415    0.04%
   2524  1959  1921290.3333   446  1920622.0000  1921475.3333  3599999    0.04%
   2526  1960  1921290.3333   453  1920622.0000  1921475.3333  3603590    0.04%
   2528  1962  1921280.8000   409  1920622.0000  1921475.3333  3605169    0.04%
   2531  1962  1921258.2727   372  1920622.0000  1921475.3333  3605990    0.04%
   2532  1961  1920845.0909   386  1920622.0000  1921475.3333  3606715    0.04%
Elapsed time = 16837.59 sec. (3696093.92 ticks, tree = 1503.37 MB, solutions = 3)
   2534  1975  1921475.3333   692  1920622.0000  1921475.3333  3705926    0.04%
   2536  1974  1921282.6667   499  1920622.0000  1921475.3333  3677141    0.04%
   2537  1975  1921282.6667   515  1920622.0000  1921475.3333  3682294    0.04%
   2540  1962  1921475.3333   485  1920622.0000  1921475.3333  3613306    0.04%
   2542  1989  1921475.3333   589  1920622.0000  1921475.3333  3774049    0.04%
   2544  1980  1921282.6667   508  1920622.0000  1921475.3333  3723166    0.04%
   2547  1981  1921258.2727   456  1920622.0000  1921475.3333  3723687    0.04%
   2550  2004  1921290.3333   712  1920622.0000  1921475.3333  3847531    0.04%
   2552  1990  1921290.3333   593  1920622.0000  1921475.3333  3779185    0.04%
   2554  1981  1921475.3333   691  1920622.0000  1921475.3333  3730613    0.04%
Elapsed time = 17220.61 sec. (3784847.77 ticks, tree = 1520.50 MB, solutions = 3)
   2555  2005  1921432.2500   721  1920622.0000  1921475.3333  3856445    0.04%
   2557  1991  1921432.2500   573  1920622.0000  1921475.3333  3785943    0.04%
   2558  1999  1921475.3333   648  1920622.0000  1921475.3333  3825906    0.04%
   2560  2014  1921432.2500   553  1920622.0000  1921475.3333  3900607    0.04%
   2563  2016  1921432.2500   469  1920622.0000  1921475.3333  3903167    0.04%
   2564  2017  1921432.2500   436  1920622.0000  1921475.3333  3905258    0.04%
   2565  1995  1921475.3333   661  1920622.0000  1921475.3333  3799239    0.04%
   2567  2019  1921432.2500   351  1920622.0000  1921475.3333  3907981    0.04%
   2569  2000  1921290.3333   601  1920622.0000  1921475.3333  3840730    0.04%
   2572  2021  1921432.2500   274  1920622.0000  1921475.3333  3910834    0.04%
Elapsed time = 17665.34 sec. (3876509.22 ticks, tree = 1557.23 MB, solutions = 3)
   2574  2023  1921432.2500   274  1920622.0000  1921475.3333  3912899    0.04%
   2577  1996  1921475.3333   633  1920622.0000  1921475.3333  3806388    0.04%
   2580  1967  1921475.3333   495  1920622.0000  1921475.3333  3630011    0.04%
   2584  2018  1920845.0909   419  1920622.0000  1921475.3333  3935249    0.04%
   2586  2029  1921432.2500   249  1920622.0000  1921475.3333  3918521    0.04%
   2589  2031  1921432.2500   240  1920622.0000  1921475.3333  3920420    0.04%
   2593  2024  1921475.3333   765  1920622.0000  1921475.3333  3969720    0.04%
   2597  2034  1921432.2500   210  1920622.0000  1921475.3333  3922747    0.04%
   2599  2014  1921280.8000   442  1920622.0000  1921475.3333  3882663    0.04%
   2602  2036  1921204.5714   222  1920622.0000  1921475.3333  3925770    0.04%
Elapsed time = 17912.55 sec. (3930027.96 ticks, tree = 1570.29 MB, solutions = 3)
   2604  2038  1921204.5714   236  1920622.0000  1921475.3333  3928148    0.04%
   2606  2037  1920845.0909   361  1920622.0000  1921475.3333  4038865    0.04%
   2609  2040  1921204.5714   200  1920622.0000  1921475.3333  3931319    0.04%
   2611  2066  1921204.5714   264  1920622.0000  1921475.3333  4074837    0.04%
   2612  2067  1921204.5714   258  1920622.0000  1921475.3333  4077362    0.04%
   2615  2033  1921290.3333   683  1920622.0000  1921475.3333  4021443    0.04%
   2618  2071  1921204.5714   213  1920622.0000  1921475.3333  4080159    0.04%
   2622  2073  1921204.5714   200  1920622.0000  1921475.3333  4081902    0.04%
   2624  2075  1921204.5714   203  1920622.0000  1921475.3333  4083277    0.04%
   2627  2077  1921204.5714   189  1920622.0000  1921475.3333  4084951    0.04%
Elapsed time = 18217.27 sec. (3994058.75 ticks, tree = 1610.45 MB, solutions = 3)
   2629  2034  1921282.6667   575  1920622.0000  1921475.3333  4028379    0.04%
   2633  2081  1921204.5714   164  1920622.0000  1921475.3333  4088599    0.04%
   2634  2028  1921258.2727   483  1920622.0000  1921475.3333  3991194    0.04%
   2639  2085  1921204.5714   119  1920622.0000  1921475.3333  4091552    0.04%
   2641  2087  1921204.5714   111  1920622.0000  1921475.3333  4092896    0.04%
   2646  2092  1921204.5714   129  1920622.0000  1921475.3333  4094227    0.04%
   2651  2095  1921204.5714   122  1920622.0000  1921475.3333  4095577    0.04%
   2655  2097  1921204.5714   121  1920622.0000  1921475.3333  4097493    0.04%
   2659  2100  1921204.5714    97  1920622.0000  1921475.3333  4098788    0.04%
   2664  2104  1921204.5714    86  1920622.0000  1921475.3333  4099643    0.04%
Elapsed time = 18467.20 sec. (4044518.56 ticks, tree = 1635.76 MB, solutions = 3)
   2668  2107  1921204.5714   108  1920622.0000  1921475.3333  4100520    0.04%
   2672  2111  1921204.5714   111  1920622.0000  1921475.3333  4101922    0.04%
   2675  2113  1921204.5714    94  1920622.0000  1921475.3333  4102910    0.04%
   2680  2115  1920875.3333    84  1920622.0000  1921475.3333  4104779    0.04%
   2684  2071  1921290.3333   386  1920622.0000  1921475.3333  4113375    0.04%
   2686  2072  1921282.6667   358  1920622.0000  1921475.3333  4117322    0.04%
   2688  2073  1921280.8000   315  1920622.0000  1921475.3333  4118244    0.04%
   2689  2076  1921475.3333   902  1920622.0000  1921475.3333  4155955    0.04%
   2691  2072  1920845.0909   315  1920622.0000  1921475.3333  4121314    0.04%
   2692  2081  1921475.3333   648  1920622.0000  1921475.3333  4197350    0.04%
Elapsed time = 18813.89 sec. (4115701.53 ticks, tree = 1613.52 MB, solutions = 3)
   2693  2115  1921475.3333   745  1920622.0000  1921475.3333  4114463    0.04%
   2694  2077  1921475.3333   918  1920622.0000  1921475.3333  4163546    0.04%
   2695  2082  1921475.3333   609  1920622.0000  1921475.3333  4204064    0.04%
   2697  2073  1921475.3333   518  1920622.0000  1921475.3333  4125551    0.04%
   2698  2078  1921475.3333   770  1920622.0000  1921475.3333  4171527    0.04%
   2699  2074  1921290.3333   435  1920622.0000  1921475.3333  4127747    0.04%
   2700  2131  1921475.3333   772  1920622.0000  1921475.3333  4250787    0.04%
   2701  2131  1921475.3333   742  1920622.0000  1921475.3333  4240686    0.04%
   2704  2076  1921280.8000   398  1920622.0000  1921475.3333  4132033    0.04%
   2705  2084  1921475.3333   512  1920622.0000  1921475.3333  4213719    0.04%
Elapsed time = 19204.59 sec. (4196215.81 ticks, tree = 1616.33 MB, solutions = 3)
   2708  2075  1920845.0909   352  1920622.0000  1921475.3333  4134917    0.04%
   2710  2132  1921475.3333   620  1920622.0000  1921475.3333  4258715    0.04%
   2712  2132  1921475.3333   598  1920622.0000  1921475.3333  4248448    0.04%
   2713  2087  1921282.6667   433  1920622.0000  1921475.3333  4218061    0.04%
   2717  2089  1921280.8000   380  1920622.0000  1921475.3333  4219606    0.04%
   2720  2146  1921475.3333   643  1920622.0000  1921475.3333  4342527    0.04%
   2723  2134  1921475.3333   570  1920622.0000  1921475.3333  4265181    0.04%
   2726  2135  1921290.3333   512  1920622.0000  1921475.3333  4265646    0.04%
   2728  2137  1921280.8000   475  1920622.0000  1921475.3333  4266394    0.04%
   2732  2136  1920845.0909   411  1920622.0000  1921475.3333  4266993    0.04%
Elapsed time = 19497.92 sec. (4257959.99 ticks, tree = 1665.73 MB, solutions = 3)
   2733  2136  1921282.6667   679  1920622.0000  1921475.3333  4290743    0.04%
   2735  2135  1921290.3333   468  1920622.0000  1921475.3333  4261075    0.04%
   2736  2089  1921475.3333   501  1920622.0000  1921475.3333  4226836    0.04%
   2737  2141  1921290.3333   542  1920622.0000  1921475.3333  4325017    0.04%
   2742  2152  1921280.8000   457  1920622.0000  1921475.3333  4373593    0.04%
   2743  2153  1921258.2727   453  1920622.0000  1921475.3333  4375173    0.04%
   2744  2137  1921475.3333   551  1920622.0000  1921475.3333  4272638    0.04%
   2747  2136  1920845.0909   445  1920622.0000  1921475.3333  4304107    0.04%
   2751  2167  1921290.3333   714  1920622.0000  1921475.3333  4442836    0.04%
   2753  2161  1921290.3333   535  1920622.0000  1921475.3333  4421723    0.04%
Elapsed time = 19953.97 sec. (4346783.70 ticks, tree = 1686.36 MB, solutions = 3)
   2754  2152  1921290.3333   473  1920622.0000  1921475.3333  4368168    0.04%
   2756  2153  1921282.6667   435  1920622.0000  1921475.3333  4369043    0.04%
   2757  2154  1921280.8000   407  1920622.0000  1921475.3333  4369717    0.04%
   2759  2143  1921290.3333   484  1920622.0000  1921475.3333  4331608    0.04%
   2763  2144  1921282.6667   468  1920622.0000  1921475.3333  4332834    0.04%
   2765  2175  1921282.6667   467  1920622.0000  1921475.3333  4496171    0.04%
   2768  2176  1921258.2727   407  1920622.0000  1921475.3333  4496987    0.04%
   2770  2169  1921282.6667   577  1920622.0000  1921475.3333  4456942    0.04%
   2772  2153  1921290.3333   640  1920622.0000  1921475.3333  4399938    0.04%
   2776  2163  1921258.2727   448  1920622.0000  1921475.3333  4438435    0.04%
Elapsed time = 20361.47 sec. (4420324.66 ticks, tree = 1689.20 MB, solutions = 3)
   2778  2155  1921258.2727   498  1920622.0000  1921475.3333  4400978    0.04%
   2780  2162  1920845.0909   436  1920622.0000  1921475.3333  4441704    0.04%
   2782  2176  1921475.3333   707  1920622.0000  1921475.3333  4505051    0.04%
   2784  2172  1921475.3333   851  1920622.0000  1921475.3333  4491001    0.04%
   2786  2163  1921475.3333   542  1920622.0000  1921475.3333  4446654    0.04%
   2789  2191  1921258.2727   548  1920622.0000  1921475.3333  4616580    0.04%
   2790  2190  1920845.0909   546  1920622.0000  1921475.3333  4617286    0.04%
   2792  2188  1921475.3333   689  1920622.0000  1921475.3333  4579272    0.04%
   2793  2197  1921290.3333   700  1920622.0000  1921475.3333  4662270    0.04%
   2796  2175  1921475.3333   675  1920622.0000  1921475.3333  4499332    0.04%
Elapsed time = 20779.84 sec. (4514413.56 ticks, tree = 1697.07 MB, solutions = 3)
   2799  2185  1921475.3333   640  1920622.0000  1921475.3333  4550594    0.04%
   2801  2179  1921282.6667   482  1920622.0000  1921475.3333  4521339    0.04%
   2802  2180  1921280.8000   455  1920622.0000  1921475.3333  4522856    0.04%
   2805  2180  1921258.2727   418  1920622.0000  1921475.3333  4524629    0.04%
   2807  2187  1921475.3333   523  1920622.0000  1921475.3333  4556716    0.04%
   2809  2192  1921290.3333   635  1920622.0000  1921475.3333  4628657    0.04%
   2813  2191  1921282.6667   533  1920622.0000  1921475.3333  4594230    0.04%
   2815  2199  1921280.8000   606  1920622.0000  1921475.3333  4678794    0.04%
   2816  2189  1921282.6667   462  1920622.0000  1921475.3333  4565878    0.04%
   2818  2199  1921258.2727   568  1920622.0000  1921475.3333  4683871    0.04%
Elapsed time = 21201.75 sec. (4600839.93 ticks, tree = 1720.17 MB, solutions = 3)
   2821  2190  1921280.8000   438  1920622.0000  1921475.3333  4570192    0.04%
   2822  2192  1921258.2727   448  1920622.0000  1921475.3333  4601689    0.04%
   2823  2217  1921258.2727   435  1920622.0000  1921475.3333  4761555    0.04%
   2825  2200  1920845.0909   553  1920622.0000  1921475.3333  4689827    0.04%
   2830  2200  1920845.0909   497  1920622.0000  1921475.3333  4690952    0.04%
   2831  2216  1920845.0909   424  1920622.0000  1921475.3333  4765882    0.04%
   2832  2199  1920845.0909   504  1920622.0000  1921475.3333  4695208    0.04%
   2834  2213  1921475.3333   755  1920622.0000  1921475.3333  4740565    0.04%
   2836  2192  1921475.3333   683  1920622.0000  1921475.3333  4611731    0.04%
   2837  2209  1921475.3333   525  1920622.0000  1921475.3333  4717732    0.04%
Elapsed time = 21745.25 sec. (4695979.28 ticks, tree = 1728.34 MB, solutions = 3)
   2839  2215  1921475.3333   667  1920622.0000  1921475.3333  4747474    0.04%
   2840  2221  1921475.3333   647  1920622.0000  1921475.3333  4806005    0.04%
   2843  2226  1921290.3333   719  1920622.0000  1921475.3333  4845006    0.04%
   2844  2227  1921282.6667   604  1920622.0000  1921475.3333  4850608    0.04%
   2846  2228  1921280.8000   552  1920622.0000  1921475.3333  4851345    0.04%
   2848  2228  1921258.2727   541  1920622.0000  1921475.3333  4851826    0.04%
   2849  2227  1920845.0909   473  1920622.0000  1921475.3333  4853975    0.04%
   2851  2228  1921258.2727   605  1920622.0000  1921475.3333  4866401    0.04%
   2852  2235  1921475.3333   718  1920622.0000  1921475.3333  4902946    0.04%
   2853  2227  1920845.0909   614  1920622.0000  1921475.3333  4873249    0.04%
Elapsed time = 22298.50 sec. (4825980.92 ticks, tree = 1748.79 MB, solutions = 3)
   2855  2228  1921475.3333   668  1920622.0000  1921475.3333  4861139    0.04%
   2857  2225  1921290.3333   598  1920622.0000  1921475.3333  4842322    0.04%
   2858  2239  1921475.3333   902  1920622.0000  1921475.3333  4953469    0.04%
   2859  2236  1921475.3333   704  1920622.0000  1921475.3333  4930575    0.04%
   2863  2237  1921475.3333   551  1920622.0000  1921475.3333  4919670    0.04%
   2864  2240  1921475.3333   795  1920622.0000  1921475.3333  4961018    0.04%
   2866  2210  1921475.3333   522  1920622.0000  1921475.3333  4717865    0.04%
   2870  2239  1921290.3333   536  1920622.0000  1921475.3333  4926391    0.04%
   2871  2237  1921475.3333   688  1920622.0000  1921475.3333  4938267    0.04%
   2872  2250  1921475.3333   534  1920622.0000  1921475.3333  5025844    0.04%
Elapsed time = 22833.25 sec. (4939301.61 ticks, tree = 1767.00 MB, solutions = 3)
   2874  2230  1921475.3333   730  1920622.0000  1921475.3333  4895026    0.04%
   2875  2240  1921290.3333   478  1920622.0000  1921475.3333  4932703    0.04%
   2876  2238  1921290.3333   622  1920622.0000  1921475.3333  4943637    0.04%
   2879  2252  1921290.3333   490  1920622.0000  1921475.3333  5031073    0.04%
   2882  2254  1921290.3333   402  1920622.0000  1921475.3333  5033272    0.04%
   2885  2239  1921282.6667   575  1920622.0000  1921475.3333  4952106    0.04%
   2887  2249  1920845.0909   547  1920622.0000  1921475.3333  5025384    0.04%
   2890  2256  1921282.6667   361  1920622.0000  1921475.3333  5039245    0.04%
   2891  2249  1920845.0909   467  1920622.0000  1921475.3333  5029776    0.04%
   2897  2240  1921282.6667   579  1920622.0000  1921475.3333  4958657    0.04%
Elapsed time = 23178.41 sec. (5016382.32 ticks, tree = 1757.70 MB, solutions = 3)
   2898  2257  1921282.6667   393  1920622.0000  1921475.3333  5044663    0.04%
   2900  2258  1921280.8000   384  1920622.0000  1921475.3333  5045543    0.04%
   2901  2258  1921258.2727   342  1920622.0000  1921475.3333  5045976    0.04%
   2902  2260  1921282.6667   481  1920622.0000  1921475.3333  5117297    0.04%
   2904  2253  1921475.3333   632  1920622.0000  1921475.3333  5080882    0.04%
   2905  2261  1921280.8000   428  1920622.0000  1921475.3333  5121616    0.04%
   2906  2263  1921282.6667   622  1920622.0000  1921475.3333  5144244    0.04%
   2907  2261  1921258.2727   420  1920622.0000  1921475.3333  5125031    0.04%
   2910  2254  1921290.3333   554  1920622.0000  1921475.3333  5088298    0.04%
   2911  2264  1921280.8000   516  1920622.0000  1921475.3333  5151146    0.04%
Elapsed time = 23539.59 sec. (5086488.88 ticks, tree = 1779.05 MB, solutions = 3)
   2913  2258  1921432.2500   459  1920622.0000  1921475.3333  5055389    0.04%
   2915  2255  1921282.6667   519  1920622.0000  1921475.3333  5095262    0.04%
   2916  2264  1921258.2727   479  1920622.0000  1921475.3333  5157749    0.04%
   2918  2256  1921280.8000   492  1920622.0000  1921475.3333  5098275    0.04%
   2919  2289  1921258.2727   436  1920622.0000  1921475.3333  5315876    0.04%
   2921  2288  1920845.0909   423  1920622.0000  1921475.3333  5317045    0.04%
   2924  2263  1920845.0909   475  1920622.0000  1921475.3333  5170423    0.04%
   2925  2295  1921475.3333   820  1920622.0000  1921475.3333  5371614    0.04%
   2927  2294  1921475.3333   842  1920622.0000  1921475.3333  5361621    0.04%
   2932  2289  1921475.3333   732  1920622.0000  1921475.3333  5324980    0.04%
Elapsed time = 24096.09 sec. (5190826.40 ticks, tree = 1854.34 MB, solutions = 3)
   2934  2290  1921475.3333   661  1920622.0000  1921475.3333  5325480    0.04%
   2935  2264  1921475.3333   485  1920622.0000  1921475.3333  5174088    0.04%
   2937  2296  1921475.3333   758  1920622.0000  1921475.3333  5379734    0.04%
   2938  2299  1921475.3333   672  1920622.0000  1921475.3333  5370088    0.04%
   2939  2297  1921475.3333   770  1920622.0000  1921475.3333  5413723    0.04%
   2942  2297  1921475.3333   704  1920622.0000  1921475.3333  5387489    0.04%
   2943  2271  1921475.3333   601  1920622.0000  1921475.3333  5222765    0.04%
   2945  2298  1921475.3333   655  1920622.0000  1921475.3333  5388453    0.04%
   2947  2299  1921475.3333   701  1920622.0000  1921475.3333  5421230    0.04%
   2948  2299  1921475.3333   650  1920622.0000  1921475.3333  5395640    0.04%
Elapsed time = 24502.20 sec. (5296081.10 ticks, tree = 1838.02 MB, solutions = 3)
   2950  2300  1921475.3333   653  1920622.0000  1921475.3333  5430179    0.04%
   2951  2294  1921475.3333   534  1920622.0000  1921475.3333  5355269    0.04%
   2953  2302  1921290.3333   522  1920622.0000  1921475.3333  5439611    0.04%
   2954  2300  1921475.3333   634  1920622.0000  1921475.3333  5407884    0.04%
   2955  2303  1921290.3333   462  1920622.0000  1921475.3333  5445702    0.04%
   2956  2300  1921475.3333   628  1920622.0000  1921475.3333  5382310    0.04%
   2957  2304  1921282.6667   411  1920622.0000  1921475.3333  5449897    0.04%

Performing restart 1

Repeating presolve.
Tried aggregator 1 time.
MIP Presolve eliminated 41944 rows and 245334 columns.
MIP Presolve modified 1977868 coefficients.
Reduced MIP has 18391 rows, 566516 columns, and 2373999 nonzeros.
Reduced MIP has 566382 binaries, 134 generals, 0 SOSs, and 0 indicators.
Presolve time = 7.72 sec. (3336.76 ticks)
Tried aggregator 1 time.
Reduced MIP has 18391 rows, 566516 columns, and 2373999 nonzeros.
Reduced MIP has 566382 binaries, 134 generals, 0 SOSs, and 0 indicators.
Presolve time = 4.38 sec. (4110.81 ticks)
Represolve time = 27.84 sec. (19308.01 ticks)
   2958     0  1921273.1818  1593  1920622.0000    Cuts: 2190  5670491    0.03%
   2958     0  1921273.1818  1461  1920622.0000    Cuts: 2004  5680780    0.03%
   2958     0  1921273.1818  1659  1920622.0000    Cuts: 1640  5692762    0.03%
   2958     0  1921273.1818  1481  1920622.0000    Cuts: 1615  5707032    0.03%
   2958     0  1921273.1818  1588  1920622.0000    Cuts: 1475  5719352    0.02%
   2958     0  1921273.1818  1078  1920622.0000     Cuts: 894  5729984    0.02%
   2958     0  1921273.1818  1353  1920622.0000    Cuts: 1259  5739565    0.01%
   2958     0        cutoff        1920622.0000  1920622.0000  5755362    0.00%

GUB cover cuts applied:  2919
Clique cuts applied:  266
Cover cuts applied:  9456
Implied bound cuts applied:  10
Flow cuts applied:  45
Mixed integer rounding cuts applied:  3496
Zero-half cuts applied:  1032
Lift and project cuts applied:  9

Root node processing (before b&c):
  Real time             =  210.26 sec. (153590.19 ticks)
Parallel b&c, 6 threads:
  Real time             = 25246.30 sec. (5844384.78 ticks)
  Sync time (average)   = 1507.27 sec.
  Wait time (average)   =    0.00 sec.
                          ------------
Total (root+branch&cut) = 25456.56 sec. (5997974.97 ticks)
Funcion objetivo:  1920622.0 (integer optimal solution)

** Execution Default Runtime: 7:4:19