20
200
0 16497 11
1 28110 7
2 26177 12
3 19387 10
4 31240 8
5 22222 5
6 13430 9
7 16620 12
8 22557 3
9 12420 10
10 19590 12
11 20856 4
12 28563 6
13 25667 4
14 15631 10
15 14597 4
16 18110 5
17 28251 9
18 20290 7
19 23980 8
20 29085 11
21 13765 6
22 27675 6
23 30355 9
24 22886 7
25 26996 3
26 28442 8
27 23110 3
28 26417 10
29 22172 6
30 12314 4
31 19101 10
32 30545 4
33 23329 5
34 20063 7
35 11876 7
36 20581 8
37 23534 5
38 12566 9
39 21337 3
40 14217 7
41 18782 7
42 16966 8
43 12877 10
44 19799 8
45 20901 6
46 27980 11
47 22289 7
48 23415 4
49 13882 8
50 29679 8
51 13632 8
52 13235 3
53 22223 7
54 22201 9
55 27727 9
56 30855 4
57 27597 7
58 22219 10
59 25030 4
60 25435 5
61 19577 5
62 28452 5
63 18746 4
64 14969 9
65 19380 11
66 18651 7
67 31737 6
68 29736 3
69 16519 12
70 30316 12
71 14491 7
72 31537 12
73 19052 4
74 13187 4
75 21371 10
76 28472 8
77 28926 4
78 24560 6
79 25239 3
80 30754 6
81 29420 8
82 12940 4
83 21301 3
84 13880 5
85 29646 11
86 27608 5
87 26261 6
88 31681 3
89 21889 12
90 27926 12
91 15462 6
92 29500 7
93 18479 4
94 18977 5
95 24201 8
96 30422 4
97 26289 5
98 26186 11
99 20712 5
100 24428 11
101 26796 5
102 13545 6
103 29375 12
104 30106 11
105 19729 6
106 23768 9
107 20970 8
108 13492 4
109 19045 7
110 25625 12
111 13825 7
112 18942 11
113 20400 11
114 23152 12
115 29393 8
116 13932 12
117 15896 9
118 31380 10
119 16668 12
120 14555 4
121 30918 7
122 17100 5
123 20516 11
124 31874 5
125 18315 5
126 23720 7
127 16984 11
128 23205 9
129 25246 4
130 20497 6
131 22113 6
132 27369 11
133 23917 5
134 14319 11
135 17269 11
136 11860 8
137 22254 3
138 25560 4
139 15572 6
140 29117 3
141 23342 4
142 24149 5
143 31956 8
144 12934 3
145 25476 12
146 19198 12
147 20713 10
148 23057 11
149 26690 11
150 28644 6
151 20999 9
152 23030 7
153 24650 10
154 16726 11
155 11382 12
156 19583 5
157 20695 4
158 13135 8
159 23900 8
160 16542 6
161 11855 4
162 11041 8
163 19230 8
164 24903 7
165 18832 10
166 13776 12
167 29819 4
168 24664 11
169 30113 4
170 26033 12
171 22659 6
172 28190 5
173 17830 7
174 12777 8
175 15435 5
176 27293 7
177 25996 5
178 26805 12
179 18622 6
180 13242 5
181 16186 8
182 31487 8
183 13401 12
184 18582 12
185 24097 8
186 29761 6
187 20191 8
188 21882 4
189 31244 9
190 31344 6
191 26754 7
192 14429 9
193 26601 9
194 12702 9
195 26100 10
196 18033 10
197 23924 4
198 18978 5
199 23173 8
40
17 14
19 14
11 12
18 5
13 8
19 10
6 12
18 7
11 2
14 12
19 16
10 6
2 10
0 7
18 8
13 4
11 8
8 0
3 6
11 19
6 4
18 11
10 19
2 0
2 4
2 4
2 15
8 6
4 1
3 8
3 2
19 12
19 15
8 10
11 19
8 18
10 11
16 3
4 14
10 14
50
158 128
58 103
115 170
183 14
5 129
50 102
124 50
87 180
149 60
6 106
3 48
57 53
170 20
48 130
196 50
32 59
23 24
67 16
171 29
54 40
169 97
112 111
96 146
96 37
107 166
104 166
6 183
138 49
52 40
82 103
96 70
117 88
23 33
61 38
90 147
122 65
44 171
104 163
31 171
158 181
191 92
13 170
177 4
13 30
190 150
102 155
24 198
104 46
17 139
62 79
80
142 118
75 183
141 117
166 132
113 133
9 16
196 119
93 65
71 5
11 21
166 76
6 50
42 22
92 49
29 16
33 100
59 73
83 60
57 170
126 92
127 144
140 95
11 123
183 44
117 64
153 119
50 97
84 148
27 159
113 128
42 50
90 199
96 19
18 4
69 48
123 175
163 161
160 68
143 112
25 12
150 15
45 23
193 151
64 115
132 49
58 55
71 26
124 29
164 124
166 173
119 101
43 81
136 190
129 92
17 170
102 75
132 48
93 134
33 39
14 40
188 58
144 155
156 189
79 81
175 0
69 103
143 26
28 50
61 4
20 12
55 154
138 5
80 160
62 146
167 198
169 168
147 39
139 171
161 139
46 131
80
21 5
20 133
15 52
103 41
119 187
32 151
193 151
17 125
193 131
24 26
29 119
84 171
147 70
125 110
11 106
28 156
191 13
177 11
33 26
132 14
12 97
31 21
182 10
5 125
108 113
96 0
87 43
183 69
20 166
138 43
27 63
156 142
153 53
38 194
1 30
170 177
56 37
138 92
61 116
81 84
42 112
23 20
98 141
136 124
195 175
119 194
137 179
137 124
95 110
39 190
141 149
172 35
86 135
45 8
177 168
69 61
10 77
15 56
194 61
4 48
88 113
131 29
167 16
35 160
169 13
84 163
162 92
142 177
43 182
24 25
129 67
186 73
167 49
176 133
64 95
49 25
198 16
180 170
172 67
152 70
