150
200
0 31173 11
1 21602 3
2 19351 5
3 23201 9
4 29764 3
5 28407 3
6 23968 5
7 15769 9
8 25953 5
9 30386 8
10 19377 11
11 31993 3
12 29499 7
13 27835 6
14 14844 3
15 24617 9
16 20736 9
17 19044 5
18 28760 11
19 17084 8
20 15350 6
21 15263 7
22 24384 9
23 29750 10
24 18316 10
25 31111 3
26 11905 9
27 22921 6
28 27651 12
29 11394 4
30 23584 11
31 26448 7
32 20688 11
33 29586 8
34 24091 6
35 31562 9
36 18529 6
37 25693 10
38 28088 12
39 27730 11
40 16522 3
41 24916 8
42 13122 5
43 20735 10
44 13748 10
45 18044 7
46 21651 7
47 16995 11
48 24867 6
49 17649 6
50 19647 10
51 21158 4
52 28710 11
53 17374 8
54 22908 10
55 22204 5
56 14937 9
57 21488 3
58 29533 3
59 14867 3
60 29959 6
61 20906 3
62 14552 3
63 21008 7
64 28609 12
65 17310 12
66 26505 3
67 11549 8
68 20933 6
69 16147 4
70 22759 4
71 26972 9
72 11531 8
73 14592 5
74 29195 8
75 26617 10
76 24391 6
77 19317 6
78 18056 4
79 14495 7
80 22107 11
81 15937 4
82 19166 8
83 23140 12
84 29233 3
85 17364 10
86 21492 4
87 29399 7
88 24518 3
89 19778 10
90 30037 8
91 23043 9
92 17468 4
93 27874 6
94 29654 9
95 28221 6
96 26959 7
97 13565 10
98 30042 9
99 27459 6
100 22973 11
101 13416 3
102 28648 11
103 23110 3
104 17094 4
105 31728 7
106 19505 12
107 18276 12
108 30800 12
109 18161 4
110 14034 10
111 12018 7
112 30907 11
113 25744 6
114 12283 9
115 20636 8
116 12024 6
117 28465 10
118 25204 5
119 16571 6
120 15479 7
121 24606 11
122 24976 3
123 14339 3
124 28138 6
125 31441 4
126 28348 9
127 12891 9
128 22749 8
129 13228 12
130 27915 7
131 11638 3
132 12438 8
133 30360 8
134 25639 8
135 31730 8
136 16749 5
137 24821 9
138 29282 7
139 12125 11
140 29165 12
141 24739 11
142 14276 4
143 13537 3
144 14552 8
145 16340 5
146 22226 12
147 23224 3
148 26707 5
149 28170 8
150 29946 3
151 28619 6
152 27083 4
153 21902 7
154 31415 10
155 18978 8
156 17446 4
157 27034 8
158 18386 12
159 26810 5
160 29626 8
161 14737 12
162 11205 11
163 21275 11
164 20853 7
165 23942 12
166 20975 3
167 30150 9
168 26865 8
169 24491 6
170 18223 6
171 25658 8
172 17998 12
173 14654 7
174 21772 4
175 27571 6
176 15229 5
177 14333 7
178 11047 10
179 16322 5
180 29952 4
181 21624 4
182 24012 4
183 29398 5
184 20846 3
185 12696 8
186 27856 3
187 26042 6
188 13924 4
189 15507 3
190 31549 8
191 16996 5
192 12361 7
193 12433 9
194 18296 8
195 28160 10
196 12330 10
197 17988 9
198 27299 12
199 21413 5
40
126 122
119 131
31 67
79 129
107 37
91 47
82 72
109 38
93 44
87 53
104 96
4 97
149 47
115 8
25 81
84 6
124 29
71 38
131 69
2 54
125 81
41 18
134 20
133 98
66 24
112 33
129 34
4 13
30 132
51 114
4 33
48 91
141 66
126 42
136 22
28 14
31 83
92 8
94 51
56 104
50
95 139
165 42
1 108
83 150
181 45
69 78
4 144
20 57
16 2
131 67
32 179
181 175
30 168
111 59
78 159
125 58
13 118
167 25
116 151
46 95
192 16
24 193
196 17
65 149
177 36
150 93
192 127
194 34
12 24
188 108
62 103
116 142
94 62
57 94
62 112
141 130
181 98
12 180
96 101
132 23
188 173
109 115
12 162
192 82
61 8
191 74
121 71
43 147
160 118
97 16
40
184 70
124 24
30 171
133 38
129 153
129 60
165 52
190 176
24 38
143 132
34 105
97 93
26 171
14 54
173 166
32 89
154 138
51 120
96 100
106 56
91 39
132 85
121 92
193 34
136 97
145 113
112 157
197 96
187 168
189 144
46 38
34 38
157 199
194 86
74 10
112 85
86 193
114 123
164 90
168 151
40
121 101
71 15
70 18
138 172
17 185
71 89
71 163
190 27
199 144
187 137
15 54
80 177
32 45
95 183
143 113
48 118
29 139
110 59
67 32
189 191
38 21
134 153
111 178
192 58
98 128
135 151
96 59
127 59
103 150
150 53
29 82
57 9
113 87
160 70
175 80
63 119
195 101
159 190
168 39
89 158
