50
200
0 19962 7
1 19381 9
2 24170 6
3 26888 4
4 15933 7
5 28443 6
6 25573 7
7 14209 7
8 16671 5
9 12583 7
10 15880 12
11 29463 11
12 30470 8
13 23614 4
14 30860 5
15 24492 8
16 29233 5
17 16453 6
18 31780 5
19 18079 9
20 19248 10
21 30181 8
22 14704 10
23 24531 7
24 28966 8
25 23084 3
26 18115 10
27 15395 8
28 22375 8
29 12185 7
30 27155 9
31 20241 11
32 30832 9
33 21570 12
34 23906 12
35 16175 4
36 11313 5
37 21086 9
38 19126 3
39 30647 7
40 25249 4
41 12250 7
42 30649 10
43 13480 4
44 24135 7
45 20890 3
46 25268 10
47 24227 5
48 20890 8
49 11206 3
50 26392 4
51 22251 7
52 20571 5
53 30418 5
54 21007 6
55 31628 4
56 24898 11
57 24233 5
58 27350 8
59 19189 4
60 19201 4
61 19613 8
62 20327 6
63 27344 9
64 28135 12
65 15390 7
66 30325 7
67 27477 5
68 31326 4
69 17080 11
70 21268 3
71 16851 12
72 23822 9
73 24809 12
74 31124 8
75 11316 6
76 15307 11
77 14666 11
78 17354 7
79 14978 11
80 22228 9
81 15211 12
82 14386 6
83 23957 10
84 28349 6
85 13534 8
86 15275 5
87 24952 7
88 15908 12
89 27099 10
90 18779 12
91 12145 8
92 14737 4
93 18311 3
94 20612 6
95 11749 4
96 12398 4
97 19701 11
98 14555 3
99 24268 12
100 21786 7
101 28378 7
102 14448 6
103 11422 10
104 20973 7
105 14007 6
106 24562 7
107 13608 7
108 25919 4
109 31987 11
110 17229 3
111 17838 9
112 22458 4
113 17957 9
114 23280 4
115 23713 7
116 26891 11
117 22769 5
118 31385 6
119 29304 10
120 14126 12
121 14870 9
122 29780 5
123 23689 6
124 20935 8
125 23096 5
126 28264 6
127 23787 9
128 22381 11
129 18880 3
130 14476 9
131 15268 11
132 30545 8
133 21980 12
134 14741 9
135 13461 7
136 18417 6
137 15302 11
138 28130 5
139 21635 12
140 17285 8
141 25458 8
142 25195 4
143 17204 7
144 11679 9
145 19796 9
146 13508 9
147 13992 12
148 21259 12
149 31685 10
150 22181 10
151 16275 9
152 13492 8
153 26802 3
154 21377 11
155 12922 5
156 19257 10
157 15521 10
158 28581 10
159 29142 10
160 11821 10
161 26671 5
162 23381 8
163 29918 3
164 18812 8
165 20545 9
166 18826 9
167 20350 9
168 13895 8
169 17728 5
170 18213 11
171 14546 8
172 19223 12
173 12711 4
174 24745 12
175 14084 10
176 15115 3
177 22971 5
178 27787 10
179 25246 9
180 21933 6
181 20247 4
182 20289 5
183 16909 7
184 22892 11
185 14143 12
186 18904 4
187 22162 3
188 20018 3
189 18803 9
190 16731 12
191 28335 8
192 14801 12
193 20886 10
194 24242 8
195 23046 4
196 27230 6
197 15148 10
198 12005 9
199 12029 7
40
46 25
38 9
22 0
14 22
17 15
7 3
11 8
35 13
46 30
10 33
42 0
8 5
4 18
3 36
31 42
49 15
25 31
12 23
23 10
31 45
49 17
4 47
0 27
14 29
34 20
7 48
47 2
22 10
23 4
31 10
29 30
47 19
46 45
33 27
4 38
37 15
6 10
11 39
14 3
0 2
50
148 152
106 108
97 158
102 50
74 68
95 46
111 190
95 61
10 180
1 104
84 118
152 69
8 177
37 165
47 87
101 22
164 141
90 196
198 188
17 122
11 129
34 18
155 122
138 71
132 88
165 25
18 85
79 81
181 150
46 160
33 44
99 139
46 28
194 123
90 135
150 163
179 138
13 151
147 190
136 192
22 39
113 38
3 79
181 107
181 152
114 101
182 148
2 20
62 92
92 140
40
60 74
116 158
67 12
124 106
31 194
148 37
109 164
67 43
141 77
198 178
23 47
154 29
125 26
197 66
18 156
67 174
45 73
160 21
191 1
27 188
168 185
76 16
166 4
161 23
146 144
31 7
29 119
95 5
172 141
97 155
72 50
1 147
124 119
73 28
17 92
82 194
90 19
69 35
106 46
18 88
40
191 60
29 56
180 81
111 58
13 177
5 42
198 133
108 197
65 53
67 20
31 37
158 197
82 85
190 105
138 166
148 110
15 52
31 195
153 12
188 113
147 68
93 113
136 138
68 118
181 73
61 13
26 196
13 126
139 15
125 183
154 126
123 59
106 97
118 111
85 40
181 195
150 189
4 139
49 89
179 101
