100
200
0 21177 12
1 23858 6
2 23857 8
3 15193 4
4 15712 8
5 11194 7
6 23246 9
7 13217 3
8 15950 3
9 22874 9
10 28867 6
11 29419 5
12 24864 12
13 24824 4
14 17135 8
15 26604 8
16 14392 11
17 11605 11
18 20394 5
19 17978 10
20 24061 12
21 12348 3
22 30211 10
23 28497 11
24 29050 4
25 13352 7
26 31886 6
27 30243 9
28 18181 11
29 29258 6
30 21431 9
31 30677 3
32 24405 3
33 20184 11
34 20221 8
35 13123 3
36 30616 12
37 17264 6
38 14704 3
39 15887 12
40 28797 4
41 11031 7
42 23389 12
43 14790 3
44 21337 8
45 20073 4
46 28082 12
47 25225 8
48 21019 9
49 26522 10
50 28103 10
51 25110 3
52 15803 5
53 25682 10
54 13913 10
55 28101 11
56 16389 8
57 22967 8
58 21091 7
59 31090 8
60 28175 11
61 29823 3
62 15194 7
63 13890 11
64 27857 4
65 28975 3
66 14538 4
67 25354 9
68 24800 11
69 28029 7
70 23955 5
71 24033 9
72 11444 3
73 15207 11
74 17302 5
75 17306 5
76 17012 10
77 24945 10
78 16538 8
79 26480 5
80 22270 7
81 29222 11
82 11241 6
83 13909 12
84 20512 8
85 24683 8
86 24645 7
87 19343 7
88 19851 5
89 11723 10
90 29133 4
91 20090 9
92 13739 3
93 13605 8
94 16878 12
95 28094 11
96 28149 4
97 12056 8
98 26836 11
99 15326 12
100 31761 12
101 29957 11
102 17594 9
103 18257 9
104 20064 12
105 22480 9
106 13231 4
107 19181 12
108 20245 7
109 27583 6
110 11786 4
111 22728 8
112 11621 10
113 21773 4
114 21775 9
115 27303 8
116 27102 5
117 29963 9
118 30963 3
119 27105 3
120 18692 11
121 22038 12
122 11396 5
123 22378 6
124 31423 10
125 23630 7
126 28134 8
127 25397 12
128 17998 7
129 29841 12
130 24738 10
131 25357 12
132 20481 11
133 30822 12
134 17196 7
135 14821 5
136 29816 12
137 30334 5
138 18105 5
139 31584 8
140 29020 10
141 18054 9
142 21817 12
143 20279 8
144 16617 3
145 28446 6
146 13306 8
147 18519 10
148 26471 8
149 25745 7
150 22662 4
151 26336 12
152 21514 5
153 26615 9
154 13884 3
155 15878 12
156 22990 4
157 19402 9
158 19740 6
159 21982 9
160 22085 11
161 15241 4
162 13302 11
163 27907 5
164 18141 3
165 23544 4
166 30317 4
167 22179 10
168 16111 7
169 16431 6
170 18301 12
171 21098 8
172 20228 5
173 31690 8
174 18555 10
175 14572 7
176 24300 12
177 23512 3
178 13884 9
179 15119 10
180 17652 9
181 30785 3
182 13851 6
183 13230 3
184 15775 7
185 18990 7
186 24959 5
187 16317 12
188 26247 3
189 21062 8
190 24608 5
191 23903 12
192 14968 9
193 19655 8
194 13688 5
195 15174 6
196 24521 8
197 17517 3
198 18446 8
199 19954 10
40
89 32
74 17
94 16
9 97
68 42
90 81
71 45
34 10
24 13
83 24
6 76
20 4
68 69
19 26
28 30
99 46
18 56
30 52
25 69
75 44
17 80
72 19
22 41
88 32
62 80
38 85
23 36
91 46
97 92
90 96
11 62
5 8
7 43
69 65
78 77
3 97
58 19
71 40
82 75
76 82
50
50 69
8 198
63 193
199 102
71 131
48 146
60 162
109 39
76 50
139 86
54 57
69 122
46 16
71 103
120 152
138 76
123 28
162 142
51 46
100 30
106 55
111 9
40 60
103 53
88 6
47 97
132 113
55 40
71 61
25 37
131 80
36 78
55 158
102 131
28 0
4 1
194 42
198 26
94 9
50 56
99 92
34 109
7 45
21 169
46 98
23 120
51 81
167 91
163 51
156 140
40
103 57
181 137
159 175
135 12
7 128
184 141
190 1
121 116
190 71
8 105
152 83
39 197
12 20
47 80
134 197
23 57
8 11
115 122
175 181
85 98
161 9
22 14
119 49
65 45
14 4
154 63
112 115
18 132
141 94
163 195
9 20
53 22
138 62
54 113
77 56
107 176
191 117
26 177
33 121
82 172
40
139 22
198 96
170 37
12 120
123 163
28 140
92 148
122 16
15 183
94 40
117 185
184 138
153 79
78 135
173 56
96 131
171 10
83 13
102 136
118 129
51 177
87 128
82 137
1 130
87 166
164 27
100 152
90 112
117 0
34 26
64 62
16 2
49 194
110 194
70 31
12 182
140 32
190 16
79 151
56 82
