20
200
0 16266 5
1 28868 9
2 18749 9
3 21634 3
4 11344 9
5 20849 4
6 25006 7
7 12388 12
8 14511 9
9 13996 8
10 11378 4
11 27305 4
12 20039 6
13 24065 4
14 16197 5
15 26055 11
16 15918 10
17 21130 3
18 12753 11
19 11268 11
20 26314 3
21 31629 12
22 19133 7
23 22703 5
24 28774 11
25 13377 5
26 28188 11
27 23310 10
28 21060 3
29 17177 4
30 19923 3
31 22171 5
32 11918 9
33 29457 12
34 27718 5
35 11446 8
36 22480 8
37 20890 9
38 15934 8
39 17649 11
40 29616 9
41 15580 9
42 19854 5
43 11586 12
44 16311 7
45 13435 5
46 26853 8
47 28483 6
48 29994 5
49 22230 6
50 15432 6
51 21089 8
52 22209 3
53 11625 12
54 29986 9
55 23142 4
56 30397 12
57 18634 8
58 23735 11
59 18646 5
60 18631 6
61 24378 3
62 24863 3
63 15694 7
64 12850 12
65 23700 5
66 14094 6
67 28990 12
68 15237 11
69 15022 7
70 15751 4
71 21735 11
72 24417 6
73 20311 7
74 24151 10
75 26979 8
76 31479 3
77 18050 7
78 19278 8
79 20130 6
80 12759 12
81 17197 12
82 11004 3
83 29172 6
84 21238 5
85 16650 10
86 25981 9
87 13993 4
88 20031 3
89 27048 4
90 27834 3
91 31796 7
92 12561 11
93 21932 8
94 31735 4
95 11009 12
96 18868 5
97 16404 3
98 21358 10
99 25459 3
100 18465 6
101 30343 3
102 28127 9
103 20316 9
104 11498 11
105 20486 9
106 21777 6
107 14669 7
108 26749 3
109 20905 6
110 25916 7
111 18449 5
112 22529 7
113 18433 6
114 20611 7
115 14149 11
116 30982 3
117 20316 4
118 31207 9
119 31079 11
120 11240 4
121 31166 4
122 31226 8
123 27698 10
124 15013 10
125 21184 4
126 17454 11
127 21486 6
128 23088 5
129 27329 7
130 17279 8
131 12538 5
132 12726 10
133 30966 11
134 26767 4
135 17381 10
136 27997 5
137 24625 9
138 21167 6
139 11337 9
140 16115 7
141 28436 11
142 11306 4
143 17512 4
144 24883 4
145 25322 6
146 19682 9
147 18760 10
148 27720 3
149 31089 3
150 29449 8
151 13611 11
152 12710 4
153 24814 7
154 16416 12
155 20718 12
156 11216 6
157 29621 11
158 18074 12
159 29298 8
160 24586 10
161 21779 8
162 24950 10
163 24094 9
164 29512 3
165 19157 9
166 13075 9
167 15855 12
168 29882 3
169 31206 10
170 19612 6
171 27709 4
172 17981 7
173 14656 9
174 21906 7
175 25028 4
176 26067 3
177 15915 9
178 20105 4
179 25907 9
180 17472 10
181 19566 11
182 13895 11
183 26383 3
184 30393 8
185 18465 5
186 27752 5
187 28442 10
188 18324 4
189 17293 4
190 28738 6
191 18772 5
192 27342 11
193 30080 11
194 29671 4
195 22102 3
196 14678 4
197 24906 12
198 13636 9
199 18320 3
40
5 13
13 6
1 18
9 2
7 11
15 16
11 5
7 13
17 13
13 18
19 0
6 19
19 16
7 10
16 10
11 12
10 14
12 7
18 1
6 10
19 7
16 1
2 0
0 3
0 11
16 5
17 14
15 14
9 4
8 19
8 16
18 17
11 6
5 14
13 18
4 9
12 19
14 17
1 5
1 11
50
166 79
67 39
112 54
198 158
165 50
195 53
95 55
188 144
76 107
193 80
197 133
154 19
171 193
21 118
43 150
48 32
139 8
158 183
147 136
105 96
49 8
59 19
29 129
157 95
7 102
19 55
79 144
198 19
119 99
93 165
122 135
180 29
29 21
157 110
187 152
137 49
104 179
35 12
186 8
84 61
77 65
170 125
112 133
180 12
120 196
54 28
120 183
113 148
9 30
117 155
40
43 42
168 44
5 71
184 82
194 179
122 3
60 193
120 22
115 94
113 181
11 135
53 174
113 194
88 81
59 138
42 59
17 174
157 137
68 170
16 83
63 148
168 197
111 176
189 0
115 198
89 13
103 45
190 117
11 146
25 6
33 4
177 162
181 19
181 154
92 58
75 42
159 153
19 144
136 122
111 101
40
127 5
36 152
178 96
124 132
118 15
95 33
168 104
142 9
48 161
161 73
15 181
56 85
181 110
180 98
167 154
168 145
155 33
67 99
144 171
94 145
151 84
19 95
91 161
157 105
78 174
73 197
108 143
36 142
30 155
107 179
10 131
139 135
32 15
70 132
143 114
4 75
101 193
149 121
100 190
19 165
