200
200
0 24051 12
1 20039 8
2 27641 4
3 31983 4
4 31548 5
5 27702 6
6 23632 5
7 20029 7
8 23632 11
9 31042 11
10 16457 9
11 27143 3
12 27038 8
13 30725 7
14 22030 7
15 24886 3
16 30236 9
17 13457 3
18 11733 3
19 25316 4
20 21289 5
21 30324 7
22 26820 11
23 31152 12
24 13968 12
25 25566 4
26 14078 6
27 22312 7
28 16400 10
29 28507 10
30 21577 8
31 25905 11
32 31108 8
33 14083 5
34 24446 7
35 21785 3
36 24834 4
37 11290 5
38 12623 12
39 11093 7
40 21614 6
41 23563 7
42 25485 5
43 14804 8
44 27914 10
45 14132 3
46 18676 3
47 14020 8
48 17193 11
49 13301 3
50 13928 10
51 13163 9
52 17817 6
53 19198 8
54 31092 7
55 13803 9
56 11423 5
57 12195 10
58 15148 8
59 20715 12
60 19838 6
61 30114 3
62 25311 12
63 12459 4
64 13284 4
65 26281 4
66 29907 5
67 26540 5
68 19852 12
69 13303 3
70 11145 8
71 18644 4
72 28742 12
73 12891 6
74 18191 8
75 17747 3
76 19636 12
77 19552 3
78 31670 8
79 24082 8
80 17185 7
81 22231 7
82 27967 6
83 24286 5
84 20100 12
85 20163 4
86 23635 9
87 30244 4
88 24055 6
89 23343 8
90 15558 8
91 11363 8
92 17445 10
93 19159 8
94 31904 7
95 20798 7
96 23986 10
97 18638 8
98 26263 8
99 20273 4
100 31629 12
101 19352 7
102 29579 12
103 31997 3
104 11539 10
105 15052 11
106 25395 11
107 27374 12
108 25001 9
109 17724 10
110 16060 9
111 29547 9
112 17288 12
113 25914 12
114 31910 9
115 21683 4
116 12594 8
117 28296 5
118 23047 10
119 13326 8
120 13422 7
121 25069 11
122 29056 11
123 21673 7
124 18277 8
125 21163 8
126 21501 8
127 19694 3
128 30823 3
129 12941 8
130 16501 12
131 25040 8
132 24005 6
133 29431 4
134 18457 5
135 11016 5
136 29088 12
137 29247 6
138 12655 3
139 25752 8
140 19545 3
141 11223 11
142 11908 3
143 30110 12
144 27624 11
145 30403 9
146 30339 8
147 24000 7
148 27781 3
149 30965 3
150 13908 5
151 28573 6
152 26451 3
153 25700 11
154 21114 4
155 31610 12
156 26543 12
157 20946 6
158 16718 8
159 22510 5
160 17519 12
161 11667 4
162 25196 5
163 11322 6
164 26331 6
165 17706 8
166 14829 12
167 14501 12
168 29642 10
169 15028 5
170 12365 6
171 27033 11
172 18912 3
173 18201 4
174 22268 11
175 20532 7
176 12038 6
177 17713 8
178 28865 9
179 21411 8
180 20192 12
181 30276 12
182 25783 3
183 17809 12
184 11539 5
185 15437 5
186 17073 5
187 21132 3
188 24822 7
189 30637 5
190 22482 6
191 29948 12
192 25335 12
193 16580 6
194 12188 7
195 27462 6
196 13778 3
197 31509 5
198 25099 10
199 17088 6
40
120 89
7 92
40 3
17 75
33 76
128 30
175 84
37 68
131 175
125 157
111 193
129 152
175 140
161 67
163 155
8 17
137 15
162 169
46 141
109 97
166 140
196 18
168 149
56 107
0 127
40 39
86 184
198 192
197 162
74 144
162 77
195 111
4 169
85 86
85 113
83 163
86 64
120 29
132 13
174 64
50
24 72
23 77
175 32
108 24
72 179
111 178
105 178
36 188
119 60
44 88
5 141
105 41
76 158
134 14
143 158
174 118
28 199
136 1
109 111
1 72
198 91
114 42
118 55
124 95
154 127
62 52
114 44
5 180
176 188
79 184
93 94
194 173
111 187
14 103
122 10
121 3
45 146
21 151
190 173
24 87
31 25
97 110
31 105
85 90
77 23
161 143
95 174
66 21
50 79
5 130
40
69 37
32 159
11 99
189 39
97 65
55 24
124 174
33 129
131 80
156 124
88 76
175 140
199 92
148 110
143 17
30 114
147 97
116 99
60 147
198 53
153 79
42 133
72 113
96 29
198 98
95 114
197 134
27 168
57 89
43 145
117 181
152 79
196 53
169 167
140 78
154 115
179 151
37 49
93 113
146 140
40
184 104
122 25
198 85
134 2
26 46
66 170
134 199
94 139
169 20
87 77
47 161
49 144
30 59
19 192
47 153
163 183
103 189
181 0
25 112
142 188
137 166
44 112
96 41
97 58
115 44
189 85
39 48
146 162
25 199
10 129
198 55
154 94
0 29
115 41
21 129
90 145
126 90
114 142
101 75
99 147
