20
200
0 13047 3
1 25834 3
2 13012 7
3 16865 11
4 16566 8
5 30140 8
6 17026 5
7 21299 6
8 17701 12
9 11900 12
10 23960 5
11 16134 8
12 19088 12
13 26314 3
14 27203 3
15 30017 3
16 13667 6
17 16426 10
18 20505 8
19 25687 11
20 20261 9
21 24786 12
22 26718 9
23 22104 12
24 21586 9
25 15126 3
26 28235 6
27 20291 4
28 20681 3
29 16681 7
30 20596 4
31 19434 3
32 14903 4
33 29650 12
34 26645 5
35 17634 4
36 23761 3
37 20882 12
38 17109 10
39 23473 10
40 14032 11
41 17989 12
42 25363 10
43 19770 9
44 26446 11
45 17154 12
46 20089 9
47 26137 5
48 30266 5
49 21530 6
50 15276 11
51 25826 10
52 17627 11
53 29889 9
54 27197 7
55 27688 8
56 29811 4
57 29544 4
58 16348 5
59 19088 8
60 14356 7
61 29045 5
62 14604 3
63 29635 11
64 20727 12
65 23198 7
66 16766 11
67 11523 10
68 31471 12
69 28049 6
70 26113 4
71 25601 3
72 28681 4
73 20047 9
74 13517 5
75 16567 10
76 28721 9
77 24031 5
78 16613 5
79 14106 11
80 26508 3
81 17860 7
82 12981 8
83 17817 5
84 25636 9
85 12436 5
86 25984 6
87 27333 4
88 20010 5
89 15202 9
90 21504 12
91 16104 9
92 18271 6
93 11808 4
94 30981 3
95 19369 7
96 11051 9
97 19058 4
98 19505 4
99 27131 3
100 13398 11
101 26558 9
102 11358 7
103 24256 8
104 26182 3
105 30197 3
106 19571 10
107 20046 6
108 30491 8
109 12366 10
110 28820 5
111 15701 9
112 14920 6
113 23136 8
114 27059 9
115 16713 5
116 11500 7
117 16874 3
118 16584 3
119 26632 9
120 31304 5
121 23672 8
122 30944 4
123 13103 7
124 19482 6
125 18678 11
126 13723 10
127 25250 4
128 11854 6
129 22142 6
130 31624 11
131 18998 12
132 20693 11
133 12700 11
134 24863 7
135 19657 7
136 15211 8
137 19818 6
138 22313 10
139 22916 10
140 23615 4
141 27509 10
142 21385 7
143 26287 10
144 29813 6
145 30510 12
146 21299 11
147 20629 8
148 25895 8
149 29633 9
150 18764 10
151 26930 12
152 29818 6
153 20130 9
154 31930 7
155 25675 4
156 15943 9
157 26240 11
158 25461 6
159 30368 10
160 17520 7
161 31684 8
162 15111 3
163 11382 4
164 17290 6
165 12876 7
166 31889 4
167 22911 9
168 31022 5
169 13621 5
170 25831 10
171 14729 3
172 22713 5
173 14454 5
174 29732 6
175 25907 6
176 11234 3
177 29747 5
178 19263 12
179 11044 10
180 20446 11
181 28817 9
182 20761 8
183 14913 10
184 31045 9
185 28577 10
186 25453 7
187 11731 11
188 27012 4
189 14498 3
190 26384 5
191 30011 5
192 27956 11
193 14047 4
194 22214 3
195 23445 8
196 29703 6
197 11995 12
198 12683 8
199 20715 8
40
3 16
10 15
18 10
17 6
12 17
17 6
2 14
3 16
10 3
0 7
1 2
17 9
16 5
12 5
2 10
12 4
19 12
12 5
6 9
19 2
10 17
3 11
3 7
18 13
0 18
7 5
10 1
9 15
11 12
4 11
14 3
11 2
15 10
14 18
11 16
14 3
8 16
13 17
16 2
1 11
50
91 153
118 104
118 117
124 196
162 63
10 5
81 11
58 139
14 87
10 184
182 8
113 80
82 129
63 62
154 65
12 172
123 35
63 99
159 115
150 193
99 97
6 110
153 6
4 99
81 59
27 140
67 143
115 184
71 185
35 99
179 132
72 158
99 102
3 138
67 19
3 126
93 119
84 179
51 110
152 76
26 57
174 21
198 63
75 95
51 199
194 196
76 77
112 23
32 25
148 181
130
175 147
15 125
71 13
116 168
29 3
127 123
19 65
94 81
139 145
159 127
5 161
144 145
1 31
139 48
194 121
98 181
36 103
140 80
178 185
192 9
46 167
124 35
149 16
20 152
95 48
177 191
74 169
3 193
10 22
163 130
119 168
15 53
91 117
62 60
146 125
90 52
111 50
9 160
46 63
178 125
30 139
168 18
100 174
139 93
15 49
84 194
65 33
39 114
111 140
94 5
77 44
76 176
127 92
59 161
38 28
167 191
37 138
71 5
126 183
91 133
113 16
132 10
15 152
123 11
160 82
64 188
40 171
77 55
46 157
159 42
172 19
158 70
193 64
44 27
82 189
18 116
110 148
77 167
157 94
110 1
8 34
198 196
40 134
114 195
16 199
125 103
102 27
32 130
60 62
180 33
97 51
130 61
197 16
65 50
143 10
27 62
167 85
14 124
83 181
20 27
180 151
161 152
44 169
22 191
35 29
27 89
162 174
117 111
125 58
157 131
71 161
107 20
143 86
166 182
107 65
28 52
96 175
133 16
124 90
126 4
143 152
114 63
125 28
152 150
97 42
17 51
97 187
122 45
187 77
164 142
130
70 193
170 48
53 67
70 95
198 89
197 40
142 22
54 23
134 192
66 62
94 121
174 172
196 6
136 58
145 40
190 145
13 118
146 84
98 79
79 164
181 102
105 115
82 162
199 95
33 56
107 25
196 96
122 162
81 9
58 183
52 91
86 156
30 4
76 68
139 71
83 138
168 115
139 115
39 91
165 134
162 123
53 183
194 199
104 196
60 178
134 95
65 161
182 174
116 108
178 22
123 30
111 43
71 184
41 19
58 61
113 102
143 23
190 55
59 56
61 105
52 139
25 93
47 144
95 156
63 184
151 76
168 192
78 105
37 68
5 134
26 159
61 138
170 141
78 129
25 19
173 43
159 29
64 109
182 196
45 71
63 179
63 192
141 174
60 155
131 160
156 164
14 15
97 3
86 117
74 19
161 127
116 127
67 145
41 155
152 87
144 142
46 170
115 7
170 148
173 162
179 189
11 1
151 148
104 31
22 121
55 130
8 67
149 112
125 133
190 22
93 69
136 69
181 34
144 152
162 43
10 165
123 132
105 94
131 174
183 101
127 11
61 173
75 17
23 29
115 145
161 85
118 152
4 14
28 156
198 126
