20
200
0 24693 9
1 30019 3
2 13411 12
3 22856 12
4 11577 8
5 25704 8
6 27263 7
7 11318 10
8 29831 4
9 11746 7
10 31906 5
11 28208 5
12 17874 12
13 13275 11
14 27484 4
15 11177 5
16 23720 7
17 15090 3
18 29987 11
19 18557 7
20 21426 11
21 26618 8
22 27110 10
23 18258 7
24 18455 8
25 12620 8
26 31238 4
27 13581 12
28 22386 12
29 11531 5
30 31784 4
31 11309 3
32 14558 8
33 25004 10
34 11519 9
35 23926 12
36 13897 3
37 27135 8
38 28512 6
39 18996 4
40 13696 4
41 21856 4
42 13690 9
43 16341 9
44 29699 12
45 15969 7
46 12054 10
47 28029 6
48 12808 5
49 24145 11
50 18300 7
51 19719 6
52 25379 3
53 24177 9
54 20044 8
55 19521 10
56 25733 9
57 18526 12
58 25077 12
59 27244 12
60 23654 10
61 20991 12
62 17793 11
63 14590 9
64 15236 7
65 27862 8
66 21843 6
67 26055 11
68 21683 5
69 28063 8
70 24791 4
71 11162 7
72 19895 9
73 11603 8
74 11559 12
75 25247 8
76 26022 8
77 27530 5
78 18076 7
79 20669 3
80 11605 7
81 25466 12
82 25831 5
83 26242 8
84 23146 10
85 31417 10
86 11443 7
87 23926 10
88 14689 4
89 13055 8
90 25646 5
91 28402 5
92 31027 3
93 16177 10
94 25298 3
95 18283 12
96 30847 5
97 17244 9
98 12627 12
99 16637 9
100 23466 3
101 26603 3
102 19452 7
103 21401 6
104 26776 10
105 30789 10
106 16322 6
107 22685 5
108 30333 4
109 13657 10
110 28942 11
111 14537 12
112 13241 11
113 18312 11
114 24291 3
115 18134 10
116 23020 12
117 16230 11
118 22993 10
119 20233 6
120 24922 9
121 21616 11
122 17819 8
123 14012 6
124 22489 6
125 26557 4
126 29766 3
127 18920 6
128 21957 3
129 27045 4
130 28487 9
131 11034 4
132 20453 9
133 20480 10
134 17650 9
135 23508 3
136 11613 8
137 17157 9
138 27634 5
139 30749 11
140 19526 4
141 29090 4
142 15247 4
143 25831 4
144 21680 3
145 15542 9
146 28840 7
147 12967 3
148 25436 3
149 21410 5
150 29310 4
151 25676 8
152 17155 7
153 15336 7
154 12501 7
155 31733 12
156 15755 6
157 13403 12
158 18970 12
159 14836 9
160 29971 8
161 27962 10
162 29949 6
163 13615 4
164 14423 11
165 31980 9
166 19802 8
167 28200 4
168 14071 8
169 26197 10
170 19952 12
171 31594 11
172 22507 10
173 28932 7
174 28092 4
175 24221 5
176 18915 11
177 31098 12
178 15276 10
179 31356 5
180 14480 8
181 21654 7
182 16206 6
183 14836 3
184 31970 11
185 21731 5
186 20583 11
187 27164 6
188 11239 5
189 19941 5
190 17817 6
191 14435 9
192 13660 8
193 15905 3
194 29852 4
195 16572 11
196 16485 3
197 20524 11
198 23818 4
199 30921 6
40
4 12
8 18
10 9
19 6
7 8
2 12
6 13
4 6
16 3
3 16
3 11
4 5
0 7
17 7
4 7
17 13
19 4
0 1
2 18
3 11
16 18
0 13
11 0
10 4
7 4
19 2
17 11
13 3
2 10
2 5
19 17
6 4
18 10
15 16
3 8
0 19
18 17
16 18
12 11
17 14
50
60 44
104 50
161 195
183 185
89 87
182 10
31 94
151 6
139 94
25 141
177 66
157 74
20 79
92 23
173 186
121 11
145 18
32 143
84 96
169 133
6 186
39 198
122 12
105 168
149 25
84 57
185 27
172 167
46 127
190 48
64 128
3 177
57 188
158 49
73 117
96 142
185 82
54 80
28 175
45 72
2 57
98 27
143 21
167 80
194 98
4 178
76 4
26 166
130 50
82 196
185
190 199
19 12
136 126
43 57
39 53
39 164
127 137
47 2
148 4
63 86
146 153
188 155
106 196
45 119
199 36
193 58
160 50
180 78
164 24
101 73
125 39
4 117
149 27
12 116
153 120
54 72
144 192
143 49
61 119
121 155
192 12
166 1
69 38
64 119
87 180
165 109
48 191
43 173
160 140
63 15
103 164
50 3
175 134
173 113
166 46
166 162
64 28
110 107
154 15
131 21
151 4
52 20
106 110
96 197
191 12
63 135
121 140
97 51
177 2
136 64
144 57
60 130
48 182
132 63
4 45
146 101
6 143
55 23
28 156
39 123
173 46
81 139
177 129
6 56
63 62
54 87
130 149
150 108
131 123
162 110
40 26
103 134
138 25
193 26
53 165
80 126
40 24
57 33
172 159
147 83
11 59
88 15
29 7
106 71
112 106
7 97
148 22
134 171
198 192
151 189
96 47
44 12
153 90
107 17
106 69
198 33
130 37
91 92
83 160
102 92
194 193
74 154
40 13
118 122
24 65
179 26
86 193
141 83
101 157
75 14
36 129
178 30
148 10
179 154
164 71
38 46
151 15
96 26
22 74
1 141
22 10
4 0
70 24
74 104
86 41
50 95
109 149
98 53
155 174
153 45
6 13
101 113
149 46
14 66
11 63
5 189
169 65
48 191
133 145
6 196
44 5
42 174
28 27
80 61
124 191
62 175
9 159
11 119
61 180
56 14
78 50
69 174
177 114
93 78
114 166
81 194
97 55
97 130
18 55
172 43
68 116
116 77
137 146
196 11
40 37
168 176
50 67
172 113
28 165
61 58
43 14
2 13
109 7
54 185
161 159
185
12 86
132 197
173 138
194 7
16 176
169 100
69 182
13 64
29 182
74 91
129 157
126 53
95 81
90 79
49 77
68 91
47 50
100 170
52 75
35 135
191 33
181 50
53 149
121 184
159 192
39 151
10 48
153 129
53 115
28 129
107 79
179 111
91 103
112 188
11 144
127 100
151 33
39 94
57 137
28 61
155 101
41 131
128 9
150 46
105 59
159 39
131 33
55 196
154 101
81 149
108 116
28 117
115 54
112 94
73 74
9 40
37 131
36 15
76 71
158 123
92 58
146 170
29 164
7 166
1 62
5 55
81 78
166 24
11 86
65 21
91 1
19 47
72 179
89 122
90 23
148 98
6 114
132 28
1 125
2 53
42 178
189 113
120 164
34 124
33 146
159 59
190 86
121 3
107 160
67 29
107 179
81 48
151 1
145 40
179 160
113 24
27 20
160 25
178 49
158 33
69 51
77 6
76 159
190 43
137 101
142 93
188 0
197 175
121 36
73 102
28 0
90 42
151 142
24 75
174 30
38 142
159 191
21 27
140 76
43 48
8 117
187 135
188 75
196 129
36 94
22 111
92 22
79 27
30 100
23 180
1 117
30 163
171 11
39 183
54 29
32 63
21 184
121 132
195 8
36 10
33 100
159 28
119 174
36 172
51 94
172 185
95 28
105 145
99 28
53 63
1 59
22 6
117 36
48 38
4 180
129 5
163 124
109 29
23 33
103 42
147 158
157 113
74 97
141 10
122 193
154 144
68 99
66 69
182 194
75 162
31 60
185 106
53 126
106 165
58 116
45 178
68 199
8 161
41 71
49 143
59 50
141 81
62 141
65 139
197 148
