10
100
0 31213 7
1 17503 9
2 23948 11
3 31711 8
4 26206 8
5 20676 8
6 30759 12
7 21769 4
8 31735 7
9 20269 9
10 25434 5
11 21146 8
12 22456 7
13 24129 9
14 21046 4
15 18954 6
16 12050 7
17 22982 6
18 27205 6
19 26177 12
20 29531 6
21 23950 12
22 13243 8
23 11165 6
24 27004 9
25 15209 9
26 20864 5
27 24588 7
28 16915 6
29 20637 6
30 20651 6
31 20977 7
32 23490 5
33 14976 4
34 29362 4
35 23006 10
36 19766 12
37 13721 10
38 29856 10
39 20108 5
40 23963 5
41 17109 4
42 14161 10
43 29823 4
44 21859 9
45 14751 6
46 21146 3
47 17143 7
48 13190 8
49 26711 11
50 21392 5
51 20809 9
52 30874 7
53 27478 9
54 22542 8
55 17123 9
56 31535 3
57 27437 8
58 13224 5
59 22945 8
60 11070 7
61 25222 5
62 18891 8
63 15957 4
64 27233 4
65 24007 12
66 29387 7
67 25478 11
68 15918 3
69 24726 3
70 28331 3
71 15065 8
72 13298 3
73 28494 12
74 11586 12
75 25418 10
76 22414 11
77 24183 8
78 11275 10
79 14536 5
80 18081 12
81 16570 4
82 18053 3
83 25875 4
84 28293 6
85 26642 6
86 30443 11
87 14201 7
88 20075 7
89 26351 4
90 14420 5
91 13629 3
92 20272 8
93 26515 8
94 31310 10
95 11121 8
96 15063 5
97 12948 9
98 21398 7
99 25501 6
40
3 8
4 0
1 0
7 6
0 2
3 2
6 7
7 0
3 5
7 8
4 7
8 0
3 4
3 9
5 6
9 1
3 0
2 9
0 7
2 7
4 0
5 6
2 4
6 7
0 3
6 2
1 2
0 7
1 4
4 5
6 5
9 1
5 1
1 8
8 6
6 9
1 4
1 5
2 9
5 6
50
42 82
96 11
48 37
98 72
41 31
19 95
69 79
87 10
3 20
41 99
25 36
50 31
5 0
17 87
36 56
86 93
80 75
43 28
15 88
81 46
16 77
55 91
36 5
29 88
31 57
98 94
18 96
13 60
77 86
27 86
62 34
35 51
10 61
69 72
27 28
81 15
87 88
50 89
73 19
89 83
26 33
48 80
46 75
18 17
84 80
67 44
57 73
26 57
78 42
11 84
40
46 26
54 14
59 15
18 65
77 30
75 42
88 98
86 0
42 20
3 49
85 84
47 13
85 94
67 97
68 32
21 19
41 84
40 6
65 49
20 65
53 1
38 27
93 77
58 42
5 78
59 50
19 75
45 24
51 31
47 45
57 9
12 79
64 82
77 12
42 36
55 60
75 78
57 44
61 84
77 97
40
47 68
42 88
2 87
12 4
53 56
73 93
42 73
83 33
33 46
58 11
62 96
14 33
35 31
20 50
15 5
74 1
42 76
4 35
42 22
77 1
53 16
51 81
6 89
28 73
65 54
13 74
74 54
20 60
67 4
17 68
26 22
17 55
40 66
66 31
55 10
96 20
98 46
23 7
7 76
17 22
