10
400
0 12722 3
1 27339 8
2 21853 8
3 23618 9
4 11702 6
5 11667 6
6 13880 12
7 19278 6
8 11020 3
9 28181 9
10 15690 5
11 26751 8
12 14619 3
13 11099 3
14 21265 9
15 29924 3
16 25422 10
17 19557 11
18 18128 12
19 16287 12
20 29479 6
21 26182 12
22 13728 5
23 24085 9
24 25917 3
25 18998 4
26 20087 12
27 14900 3
28 16773 11
29 28674 4
30 17748 3
31 19248 5
32 20360 12
33 22327 7
34 13070 5
35 24208 8
36 21469 9
37 24258 7
38 18652 9
39 31388 11
40 24024 11
41 23508 3
42 20423 4
43 29788 9
44 21459 6
45 26221 3
46 14960 3
47 25742 11
48 12466 8
49 31885 6
50 21437 5
51 14142 3
52 22185 8
53 13601 6
54 29340 7
55 29905 12
56 23833 4
57 12876 3
58 24437 3
59 30687 11
60 22048 8
61 14520 10
62 31773 8
63 14463 5
64 18150 5
65 23158 12
66 23185 9
67 19493 7
68 16680 7
69 20182 12
70 16062 8
71 18133 12
72 25928 3
73 12319 8
74 15218 12
75 11391 7
76 17603 3
77 23410 3
78 11400 12
79 23300 12
80 16780 10
81 14501 9
82 30540 6
83 17759 11
84 16526 8
85 22034 11
86 21577 4
87 18521 4
88 19423 4
89 22061 4
90 15144 3
91 23150 8
92 30514 6
93 12693 4
94 28946 12
95 30700 5
96 29819 3
97 28274 7
98 22335 4
99 24675 6
100 11488 12
101 11560 8
102 15847 12
103 31999 8
104 20036 10
105 24007 6
106 16360 5
107 21644 9
108 15087 6
109 27657 10
110 22000 11
111 18298 10
112 29842 4
113 14935 9
114 22074 6
115 27001 11
116 28470 6
117 29846 7
118 19874 4
119 13241 12
120 26781 5
121 18769 12
122 21341 8
123 16622 8
124 29574 8
125 28526 12
126 23580 5
127 16414 4
128 21561 12
129 24784 8
130 11023 5
131 13307 10
132 25190 7
133 30186 3
134 13486 8
135 15830 4
136 31277 6
137 16134 8
138 12733 7
139 20104 6
140 20080 7
141 21575 3
142 31026 7
143 12834 9
144 20847 7
145 22921 9
146 22726 6
147 29760 6
148 27338 7
149 21841 4
150 23533 9
151 25335 6
152 22170 10
153 17774 12
154 21770 9
155 26335 11
156 13091 5
157 17519 11
158 18753 6
159 16232 5
160 14795 6
161 25317 4
162 28970 7
163 19484 9
164 11848 4
165 25823 8
166 22497 10
167 23899 6
168 29499 4
169 13536 10
170 31595 9
171 23349 9
172 24412 6
173 16727 4
174 21836 6
175 21721 9
176 30238 9
177 27792 3
178 23231 9
179 22008 6
180 18287 11
181 22465 4
182 19215 9
183 20002 12
184 21118 8
185 11855 3
186 13129 10
187 21746 7
188 17956 4
189 30975 8
190 15172 5
191 14712 11
192 19009 6
193 22394 4
194 28357 9
195 21078 4
196 24263 12
197 27625 6
198 15976 9
199 18168 5
200 18820 4
201 23564 12
202 27000 11
203 15330 11
204 30963 10
205 22745 5
206 22429 3
207 14515 3
208 31294 5
209 27024 7
210 23655 6
211 14506 11
212 16273 5
213 12035 11
214 24485 8
215 14264 4
216 18407 5
217 15855 4
218 25005 9
219 14857 5
220 26277 10
221 16373 12
222 13704 7
223 27581 5
224 22579 9
225 30209 7
226 15173 12
227 23624 10
228 20400 10
229 29697 8
230 14839 12
231 31224 5
232 17248 5
233 23206 3
234 24845 8
235 19442 9
236 11108 6
237 30276 3
238 15688 7
239 14366 3
240 22852 8
241 21808 5
242 27704 12
243 11125 8
244 12471 6
245 26175 4
246 16543 7
247 15767 11
248 12125 4
249 16309 4
250 31018 11
251 30989 12
252 31039 8
253 12279 3
254 15737 3
255 12851 8
256 26601 10
257 11158 9
258 27530 6
259 24466 4
260 27657 3
261 19169 4
262 23430 9
263 14551 8
264 18124 9
265 27365 8
266 28378 3
267 23128 12
268 12609 6
269 11452 7
270 30593 10
271 15456 4
272 28364 11
273 15170 4
274 22662 5
275 19536 8
276 31086 11
277 14406 6
278 11246 6
279 24092 4
280 21192 6
281 30471 7
282 24312 5
283 17860 10
284 16662 10
285 23919 12
286 28017 11
287 13404 10
288 27742 9
289 26294 12
290 27816 12
291 25268 7
292 23332 10
293 22993 5
294 27373 10
295 11923 9
296 28501 3
297 21579 3
298 24154 11
299 13234 7
300 22000 7
301 17860 10
302 31805 5
303 15843 7
304 24554 12
305 17479 10
306 11771 11
307 13452 5
308 18370 6
309 29377 10
310 16022 6
311 14547 5
312 24923 5
313 18507 6
314 23666 10
315 31654 8
316 31254 9
317 15123 10
318 15302 8
319 14437 6
320 22396 11
321 23897 11
322 25475 11
323 27675 11
324 19454 10
325 28237 5
326 20979 12
327 11905 3
328 11090 8
329 21514 10
330 15023 6
331 16999 6
332 16449 10
333 22762 7
334 17163 4
335 26710 5
336 30927 9
337 15318 10
338 23815 9
339 15602 8
340 28098 8
341 11825 3
342 16473 9
343 22091 11
344 25798 6
345 24674 9
346 19611 12
347 25273 6
348 31759 10
349 23973 7
350 31467 5
351 29693 8
352 13006 8
353 12065 8
354 29595 6
355 21046 4
356 17044 6
357 21936 12
358 12750 10
359 14923 10
360 22147 10
361 29778 5
362 11263 4
363 26103 7
364 23923 6
365 12996 9
366 26920 12
367 27898 9
368 23063 10
369 30591 3
370 26400 6
371 28868 9
372 24093 9
373 25198 8
374 13378 8
375 13538 10
376 15395 3
377 19040 3
378 26377 9
379 11538 5
380 28828 11
381 28284 3
382 15242 9
383 28101 4
384 15939 6
385 19944 11
386 16018 7
387 26502 5
388 31722 5
389 25858 7
390 19711 4
391 19701 8
392 24425 3
393 21987 9
394 26318 3
395 23552 11
396 17250 8
397 22074 10
398 20949 6
399 20164 6
40
3 2
7 6
6 4
7 1
5 9
6 9
6 9
7 5
9 2
8 7
0 8
2 3
9 0
0 1
0 8
0 1
3 4
9 6
0 2
2 8
9 7
6 1
9 6
7 1
2 3
4 9
4 6
7 6
9 4
8 3
0 4
5 7
4 9
8 0
8 0
6 3
6 2
7 6
7 9
5 4
50
345 190
313 23
27 128
266 339
13 299
84 5
123 40
393 2
273 344
319 289
334 174
376 60
172 260
229 286
270 25
369 41
397 382
68 21
120 253
14 341
254 276
236 43
388 22
235 30
13 49
337 68
156 260
248 215
14 0
17 66
276 122
231 213
142 358
92 78
61 42
199 262
58 93
6 335
283 28
158 60
78 174
234 37
196 383
227 70
186 287
156 184
387 182
387 44
136 80
44 361
40
62 385
44 68
369 50
207 133
253 177
42 156
209 296
238 233
368 44
167 239
143 52
128 144
316 362
254 181
304 389
140 63
199 62
250 249
122 123
132 319
237 149
375 123
100 167
168 246
230 155
4 111
154 263
47 193
365 137
245 328
337 93
218 5
274 382
352 341
26 122
211 399
32 249
188 82
120 328
390 153
40
342 40
282 246
293 340
125 147
256 351
260 350
290 158
379 211
118 362
356 278
265 162
147 232
330 217
124 100
149 312
200 243
79 335
158 388
361 16
269 130
386 322
157 218
343 349
86 65
157 25
54 263
180 340
299 150
320 371
61 198
117 44
375 187
174 396
387 232
78 223
346 184
95 114
22 4
46 112
156 189
