100
300
0 24402 9
1 20908 8
2 26976 3
3 11548 7
4 23393 7
5 16777 7
6 12400 8
7 31989 11
8 17426 8
9 16058 5
10 17232 11
11 20828 4
12 11542 4
13 30308 12
14 20328 5
15 23564 4
16 16125 4
17 29902 10
18 30972 7
19 20892 3
20 26639 9
21 31470 10
22 31663 5
23 17934 10
24 11806 4
25 26212 11
26 27743 8
27 14677 11
28 31869 4
29 27195 7
30 16497 8
31 31929 12
32 12969 8
33 13508 5
34 15625 8
35 18717 12
36 31339 8
37 17657 4
38 28694 3
39 20420 12
40 29921 4
41 21494 8
42 13585 9
43 30982 7
44 26706 4
45 27081 10
46 27664 7
47 23528 12
48 18565 3
49 31699 12
50 14101 10
51 25695 8
52 21417 3
53 19363 3
54 15770 6
55 21594 4
56 30653 9
57 28127 9
58 30536 3
59 31000 7
60 27884 10
61 31404 11
62 20800 9
63 23992 10
64 23274 7
65 30585 4
66 15375 8
67 31361 8
68 24291 12
69 13063 8
70 11262 10
71 16312 5
72 28490 8
73 14347 11
74 19336 12
75 17814 3
76 23593 9
77 13449 5
78 21210 3
79 26952 3
80 31687 8
81 20427 7
82 19446 5
83 29321 6
84 15127 11
85 30566 4
86 14166 9
87 16803 12
88 17770 9
89 14969 5
90 12173 12
91 16079 3
92 29284 7
93 19171 5
94 12035 11
95 26052 6
96 15817 4
97 20698 11
98 20999 7
99 27741 4
100 20714 5
101 13605 11
102 16798 9
103 23295 10
104 21580 12
105 28251 9
106 11998 9
107 23405 8
108 27001 12
109 23123 10
110 30745 7
111 14268 6
112 31684 10
113 19118 9
114 27460 9
115 20155 4
116 16626 5
117 17590 6
118 17696 7
119 17189 11
120 17310 4
121 26712 10
122 25485 7
123 25850 4
124 18251 8
125 22748 5
126 15923 11
127 30502 12
128 25012 11
129 31911 9
130 11254 7
131 27614 9
132 19294 4
133 27849 11
134 30861 11
135 29907 8
136 20014 7
137 18292 4
138 29603 8
139 31525 10
140 20787 4
141 20934 6
142 14075 5
143 25195 3
144 30198 4
145 19954 10
146 21699 3
147 13834 7
148 18301 5
149 25813 11
150 21343 8
151 16318 5
152 22285 10
153 30524 10
154 24781 4
155 22258 11
156 22058 9
157 22845 3
158 31292 3
159 22330 4
160 16540 5
161 26279 6
162 22392 3
163 26743 3
164 14682 7
165 23363 11
166 20566 10
167 26164 9
168 16383 6
169 23737 11
170 23228 9
171 17632 3
172 31684 10
173 12800 9
174 17084 4
175 11820 7
176 30418 11
177 11794 12
178 27260 5
179 20726 12
180 25382 5
181 15692 4
182 26976 5
183 31257 7
184 16386 4
185 19745 9
186 20077 4
187 25853 5
188 31194 12
189 30186 8
190 11497 4
191 28396 6
192 21174 6
193 25644 7
194 29605 9
195 28475 5
196 17120 9
197 24143 3
198 14073 3
199 12292 7
200 21109 12
201 27841 6
202 11353 3
203 19232 9
204 18387 8
205 22536 11
206 16217 9
207 12015 4
208 28840 5
209 15681 7
210 27855 3
211 17782 10
212 21450 12
213 16001 12
214 22092 3
215 12770 12
216 23301 12
217 23282 10
218 27941 4
219 22885 5
220 16769 8
221 15746 8
222 20085 7
223 23333 5
224 14867 11
225 19555 3
226 21427 7
227 15317 4
228 13261 10
229 30875 12
230 16809 3
231 23243 4
232 20541 12
233 11603 6
234 15404 3
235 29448 7
236 15291 4
237 31798 6
238 16936 11
239 26583 10
240 15488 7
241 14059 4
242 11785 4
243 16626 10
244 13955 11
245 14028 12
246 12992 10
247 26467 11
248 17242 6
249 13894 3
250 23551 12
251 15710 5
252 17593 3
253 23933 8
254 20236 8
255 29308 11
256 12376 12
257 21578 3
258 28917 11
259 14172 8
260 11155 10
261 12698 4
262 28612 5
263 26551 11
264 21337 3
265 29041 7
266 30741 8
267 30001 5
268 30048 5
269 22200 4
270 17869 10
271 23112 11
272 11871 3
273 29203 3
274 11703 9
275 31929 5
276 24901 12
277 16869 8
278 21681 7
279 15162 5
280 18611 3
281 19900 8
282 13129 6
283 24848 10
284 24267 8
285 27134 3
286 14495 11
287 27255 6
288 13585 6
289 11129 3
290 13202 8
291 21596 8
292 13078 4
293 14232 11
294 23948 10
295 30951 10
296 31437 12
297 11029 5
298 26347 5
299 19335 8
40
81 71
94 23
59 16
39 1
33 21
2 8
10 40
30 1
56 17
96 56
68 89
1 5
85 27
66 52
93 70
88 56
81 6
75 78
0 52
83 73
30 31
40 23
60 34
32 47
51 88
28 13
4 86
40 15
7 90
17 47
58 70
67 93
41 3
97 55
88 68
41 83
33 37
82 88
65 18
62 20
50
23 218
281 62
67 159
116 61
77 102
279 45
31 198
226 220
194 219
270 175
264 136
23 209
13 175
29 270
162 183
202 126
65 258
120 175
143 289
246 25
180 138
43 205
97 27
131 243
199 133
283 238
41 203
233 21
239 229
143 270
287 109
84 30
200 269
122 59
26 9
201 287
264 66
60 264
66 183
160 50
168 134
231 33
212 214
131 60
6 11
180 46
149 112
257 57
159 109
20 60
40
8 196
134 98
254 39
202 115
72 186
98 202
78 83
100 198
111 193
224 12
42 70
279 250
28 290
81 260
147 134
210 105
129 216
50 98
58 146
110 15
88 118
286 241
126 67
144 187
151 143
268 188
277 243
166 58
277 205
104 282
165 198
173 259
139 173
118 249
20 7
240 250
281 212
161 102
279 51
231 268
40
139 256
86 289
70 18
65 173
100 298
264 43
203 112
247 46
299 34
22 37
186 179
60 194
94 134
235 57
147 20
55 114
146 38
32 126
45 113
221 13
286 288
22 31
41 269
39 27
149 167
263 299
139 273
117 128
181 115
33 224
128 286
38 182
210 270
295 22
75 276
215 122
23 31
130 239
156 57
169 7
