10
500
0 13697 3
1 14528 11
2 12852 10
3 24878 11
4 19060 7
5 31160 7
6 25014 5
7 15155 4
8 23544 4
9 29942 11
10 29288 10
11 22296 9
12 25926 8
13 12999 6
14 28921 12
15 11292 12
16 23521 10
17 21916 7
18 22298 7
19 17513 6
20 23259 11
21 21732 5
22 11038 10
23 12614 9
24 19530 5
25 13327 11
26 16014 9
27 26183 11
28 23095 3
29 11848 4
30 23095 7
31 28954 3
32 12718 8
33 12642 4
34 24865 7
35 17698 4
36 25468 7
37 14262 11
38 19003 5
39 31954 3
40 26178 11
41 23788 7
42 24746 12
43 28553 10
44 19443 8
45 14322 5
46 24968 4
47 21210 4
48 13700 3
49 14072 11
50 23864 4
51 18439 9
52 26038 4
53 11066 3
54 17340 6
55 31907 6
56 28946 3
57 20794 6
58 13692 4
59 24441 7
60 21307 12
61 29963 7
62 14673 6
63 15727 6
64 26390 6
65 27348 5
66 30794 10
67 27918 11
68 12215 10
69 28529 5
70 25143 11
71 25373 11
72 23271 10
73 17845 10
74 16454 6
75 22397 7
76 25487 5
77 26421 6
78 11716 8
79 29684 11
80 18499 4
81 25845 7
82 25610 9
83 18759 7
84 17044 11
85 16386 12
86 12486 5
87 21318 3
88 27668 11
89 30142 3
90 15325 9
91 26620 10
92 19459 4
93 28874 11
94 19582 5
95 23431 11
96 23966 11
97 28812 10
98 26470 11
99 22652 4
100 16587 10
101 22658 3
102 13310 6
103 25000 9
104 30057 4
105 15938 10
106 23726 7
107 28243 8
108 25148 6
109 15783 9
110 25606 11
111 13003 9
112 29121 6
113 16189 9
114 12102 8
115 13806 12
116 17023 10
117 18340 4
118 28426 8
119 23914 6
120 11414 12
121 25640 4
122 16760 9
123 13277 10
124 23506 4
125 23935 5
126 28713 4
127 20814 6
128 20106 5
129 21299 3
130 30241 10
131 12797 9
132 23225 9
133 16449 3
134 18301 8
135 13198 11
136 14716 4
137 31637 10
138 15149 9
139 18855 7
140 13571 6
141 16956 5
142 22632 7
143 13591 3
144 21901 7
145 22513 5
146 21252 6
147 25424 11
148 26768 8
149 16891 4
150 15313 10
151 18367 8
152 13015 6
153 16257 11
154 25861 6
155 30038 8
156 25467 12
157 29415 4
158 13050 6
159 20879 8
160 29644 8
161 29781 4
162 28751 7
163 11902 3
164 30828 12
165 15978 3
166 25228 11
167 17145 9
168 30510 8
169 26442 3
170 22787 7
171 26402 4
172 31228 5
173 13763 3
174 30410 10
175 15910 6
176 23050 9
177 31131 7
178 25811 5
179 30966 9
180 12459 9
181 17758 11
182 20038 4
183 30353 9
184 22911 5
185 28424 3
186 16437 7
187 22241 12
188 12022 8
189 21856 12
190 23041 9
191 23356 6
192 13964 11
193 23084 6
194 16045 11
195 15958 7
196 21283 12
197 14796 3
198 26753 4
199 30044 7
200 25323 4
201 23814 3
202 21475 10
203 13598 11
204 16126 3
205 15227 8
206 16115 6
207 13006 10
208 22856 12
209 28940 12
210 15713 3
211 17293 11
212 31863 11
213 30144 6
214 27219 4
215 27312 5
216 11822 8
217 18025 7
218 22861 9
219 20028 3
220 15410 11
221 17752 10
222 21903 3
223 21893 7
224 27221 10
225 14491 7
226 15472 9
227 26943 6
228 15843 6
229 27828 10
230 13877 9
231 22408 5
232 24593 6
233 31749 9
234 22528 4
235 15013 5
236 27827 4
237 31444 3
238 28558 9
239 22364 12
240 18272 11
241 29017 3
242 26271 12
243 20860 5
244 30411 6
245 16388 4
246 28395 10
247 25842 10
248 14489 7
249 25911 3
250 13799 6
251 25078 8
252 27113 10
253 17337 4
254 18509 11
255 28288 10
256 15237 8
257 13270 7
258 13082 6
259 29322 10
260 31802 7
261 22320 7
262 19174 7
263 13013 4
264 21309 8
265 31720 6
266 14655 9
267 12987 7
268 11626 3
269 24985 4
270 15178 8
271 19410 6
272 26536 4
273 19607 9
274 17039 3
275 20585 3
276 29641 11
277 14359 10
278 17584 3
279 15014 10
280 27587 9
281 30978 10
282 25840 3
283 14244 8
284 29785 6
285 19991 8
286 26814 9
287 11425 12
288 28899 4
289 20441 11
290 17678 9
291 14999 10
292 26335 5
293 30243 6
294 15188 10
295 22653 6
296 16317 3
297 19523 4
298 24704 11
299 30727 8
300 29801 11
301 26857 3
302 26502 11
303 19259 10
304 26548 5
305 14657 9
306 29007 11
307 18162 7
308 23600 10
309 20704 10
310 13265 4
311 19898 8
312 18539 9
313 12801 7
314 30444 5
315 14432 7
316 18698 11
317 28208 4
318 20503 8
319 16300 6
320 14706 10
321 27323 9
322 18016 12
323 25668 5
324 14221 10
325 15428 6
326 27589 6
327 26735 7
328 22710 12
329 29095 9
330 27837 4
331 12062 4
332 14870 3
333 18287 5
334 11164 9
335 20334 12
336 23444 10
337 26269 12
338 24113 4
339 17892 7
340 20569 9
341 29887 7
342 20576 7
343 11474 11
344 29063 5
345 13053 8
346 22142 6
347 16594 6
348 29789 10
349 25351 12
350 31775 8
351 22618 8
352 17169 6
353 28123 6
354 12809 11
355 11796 10
356 13749 4
357 24705 11
358 29599 9
359 22134 5
360 22921 12
361 15515 12
362 23091 7
363 22402 10
364 20201 6
365 19969 5
366 14432 5
367 25276 8
368 29854 3
369 21619 4
370 25403 9
371 22966 5
372 15284 8
373 12102 12
374 14609 3
375 21627 6
376 12059 8
377 18900 9
378 16234 5
379 14386 11
380 26233 9
381 11126 11
382 22693 3
383 15730 11
384 20417 6
385 14844 6
386 20322 12
387 28167 3
388 23460 8
389 23005 9
390 29811 9
391 15700 7
392 25293 4
393 14089 9
394 20764 8
395 16521 11
396 18454 9
397 18746 6
398 22838 8
399 29013 4
400 21170 3
401 11994 12
402 11421 9
403 15017 11
404 31310 9
405 19810 6
406 19469 5
407 14301 9
408 11042 11
409 30235 10
410 22846 7
411 22256 8
412 13152 6
413 30633 7
414 22434 6
415 18598 6
416 31413 4
417 19049 3
418 17750 11
419 24696 3
420 31656 6
421 29301 5
422 12947 11
423 29976 10
424 28592 9
425 30618 8
426 30110 8
427 24698 8
428 19978 7
429 24830 11
430 18406 7
431 22715 8
432 24648 6
433 16206 6
434 20204 8
435 25969 6
436 12961 3
437 22783 10
438 22297 3
439 21569 4
440 13659 7
441 26218 4
442 24989 12
443 29899 12
444 23587 6
445 29867 6
446 19585 11
447 26394 3
448 20351 6
449 20778 11
450 31743 4
451 12903 11
452 19993 7
453 18774 5
454 14146 12
455 14390 7
456 16826 3
457 18090 10
458 20682 11
459 11180 5
460 12801 8
461 31794 6
462 20474 11
463 18239 4
464 31601 5
465 24107 5
466 21692 6
467 22091 9
468 30088 3
469 26216 9
470 28936 9
471 20683 5
472 13161 7
473 11784 5
474 18887 10
475 29040 9
476 25272 10
477 16516 8
478 22635 11
479 21897 8
480 22583 6
481 28113 11
482 28721 9
483 17057 3
484 31432 10
485 21013 10
486 15433 4
487 18328 7
488 18179 8
489 23128 9
490 22999 11
491 21300 11
492 15005 8
493 18341 7
494 22926 9
495 17864 12
496 11644 7
497 13860 5
498 11596 12
499 23063 5
40
0 9
3 4
8 1
5 1
5 0
6 0
7 8
1 2
3 0
9 3
0 3
4 9
3 0
2 8
7 0
7 8
7 0
9 5
7 5
0 2
1 2
5 4
4 2
1 6
0 8
0 7
2 3
0 7
0 3
4 2
4 2
4 6
0 7
4 8
8 4
0 4
4 6
8 1
8 1
4 5
50
447 440
316 363
166 364
35 347
8 437
53 296
305 476
323 361
254 10
248 396
357 162
267 308
272 460
67 400
400 63
164 460
389 372
414 59
328 3
344 277
327 275
487 218
363 358
27 372
113 303
90 292
391 230
308 99
294 112
403 282
164 341
40 20
128 418
389 78
48 65
404 260
130 412
268 73
211 330
328 12
290 50
235 496
169 94
477 400
416 110
119 164
153 235
98 54
59 276
34 265
40
160 404
414 364
4 377
83 63
99 216
160 361
478 65
73 171
45 35
374 244
241 246
70 244
148 479
325 282
9 223
370 208
162 15
64 231
166 454
385 58
483 428
8 5
289 488
310 75
33 447
463 181
113 368
336 132
227 353
135 418
439 486
44 143
167 24
348 271
300 131
453 22
0 164
296 159
278 66
200 145
40
239 483
455 201
26 31
373 265
469 492
191 227
363 467
13 21
284 113
470 390
338 474
239 350
205 437
271 265
79 416
98 234
235 165
346 497
311 388
468 402
355 277
155 64
36 216
368 465
339 404
284 27
94 98
488 27
299 70
268 125
397 293
428 48
239 308
215 107
297 259
272 60
382 488
211 247
484 479
179 420
